C(11)
RC = 2

D(2*11) I = 2
[ , true, true ]
time = 0.020764999999999999s
RC = 2

11:5 I = 2
[ 1, 2, 3 ], [ 1, 2, 7 ] ( 1,10, 5, 8, 9)( 3, 7, 6, 4,11), ( 2, 6,10, 4, 8)( 3, 7,11, 5, 9), (), 
[ , false, true ]
time = 0.029378999999999999s
RC = 3

AGL(1, 11) I = 2
[ 1, 2, 3 ], [ 1, 2, 4 ] ( 1, 8,10, 9, 5)( 3, 4, 7,11, 6), ( 2, 3, 4, 5, 6, 7, 8, 9,10,11), (), 
[ , false, true ]
time = 0.027660000000000001s
RC = 3

L(2, 11) I = 4
[ 1, 2, 3 ], [ 1, 2, 4 ] ( 1, 3, 4, 7, 8)( 5,10,11, 9, 6), ( 2,11, 9, 7,10)( 3, 4, 6, 5, 8), (), 
[ 1, 2, 3, 5 ], [ 1, 2, 3, 11 ] ( 1, 5,11)( 4,10, 9)( 6, 8, 7), ( 2, 5,11)( 4, 8,10)( 6, 7, 9), ( 3, 5,11)( 4, 9, 7)( 6,10, 8), (), 
[ , false, false, true, true ]
time = 0.106563s
RC = 4

M(11) I = 4
[ 1, 2, 3, 4, 5 ], [ 1, 2, 3, 4, 6 ] ( 1, 5, 6, 7)( 8,10,11, 9), ( 2, 5, 6, 9)( 7, 8,11,10), ( 3, 5, 6, 8)( 7,10, 9,11), ( 4, 5, 6,11)( 7, 9,10, 8), (), 
[ , true, true, false, true ]
time = 0.035746s
RC = 5

A(11)
RC = 10

S(11)
RC = 2

