M(11) I = 5
[ 1, 2, 3, 4 ], [ 1, 2, 3, 7 ] ( 1,11, 9,10, 5)( 4, 7, 8,12, 6), ( 2, 9)( 4, 7)( 6,10)( 8,11), ( 3,10)( 4, 7)( 5, 9)( 8,12), (), 
[ 1, 2, 3, 4, 11 ], [ 1, 2, 3, 4, 12 ] ( 1,11,12)( 5, 6, 7)( 8, 9,10), ( 2,11,12)( 5, 9, 8)( 6,10, 7), ( 3,11,12)( 5, 7, 9)( 6, 8,10), ( 4,11,12)( 5, 8, 6)( 7,10, 9), (), 
[ , true, false, false, true, true ]
time = 0.124919s
RC = 5

M(12) I = 5
[ 1, 2, 3, 4, 5, 6 ], [ 1, 2, 3, 4, 5, 7 ] ( 1, 9, 6, 7)( 8,10,11,12), ( 2,12, 6, 7)( 8,11, 9,10), ( 3, 8, 6, 7)( 9,11,10,12), ( 4,11, 6, 7)( 8,12,10, 9), ( 5,10, 6, 7)( 8, 9,12,11), (), 
[ , true, true, true, false, true ]
time = 0.042026000000000001s
RC = 6

PSL(2, 11) I = 3
[ 1, 2, 3 ], [ 1, 2, 5 ] ( 1,11, 8, 7,12)( 3, 5, 9, 4,10), ( 2,11, 4, 8, 6)( 3, 5,10,12, 9), (), 
[ 1, 2, 3, 4 ], [ 1, 2, 3, 11 ] ( 1, 4,11, 8, 5)( 6,10, 9,12, 7), ( 2,10, 8, 7, 5)( 4,11, 6,12, 9), ( 3,10, 7, 4,11)( 5, 9, 8,12, 6), (), 
[ , false, false, true ]
time = 0.055458s
RC = 4

PGL(2, 11) I = 3
[ 1, 2, 3, 4 ], [ 1, 2, 3, 5 ] ( 1, 8, 4, 5,11)( 6,12,10, 7, 9), ( 2, 4, 5, 9, 7,12, 8, 6,10,11), ( 3, 8, 7, 6,11, 9,10,12, 4, 5), (), 
[ , true, false, true ]
time = 0.031778000000000001s
RC = 4

A(12)
RC = 11

S(12)
RC = 2

