A(7) I = 3
[ 1, 2, 3 ], [ 1, 2, 4 ] ( 1, 6, 8,11,15, 5,12)( 3, 4,10, 9,13, 7,14), ( 2, 5,11, 9,12, 7,14)( 3, 4,10, 8,13, 6,15), (), 
[ 1, 2, 4, 7 ], [ 1, 2, 4, 8 ] ( 1,14,11)( 3,12, 9)( 5,10,15)( 7, 8,13), ( 2,13,10)( 3,12,11)( 6, 9,14)( 7, 8,15), ( 4,11,15)( 5,10,14)( 6, 9,13)( 7, 8,12), (), 
[ , false, false, true ]
time = 0.055878999999999998s
RC = 4

A(6) I = 3
[ 1, 8, 9 ], [ 1, 8, 11 ] ( 1, 3,13, 7)( 2,14,10, 6)( 4,12)( 5,15, 9,11), ( 2, 5, 3, 4)( 6, 7)( 8,10,15,12)( 9,11,14,13), (), 
[ 1, 2, 4, 8 ], [ 1, 2, 4, 9 ] ( 1, 8, 9)( 3,10,11)( 5,12,13)( 7,14,15), ( 2, 6)( 3, 7)( 8, 9)(10,15)(11,14)(12,13), ( 4, 6)( 5, 7)( 8, 9)(10,11)(12,15)(13,14), (), 
[ , false, false, true ]
time = 0.071781999999999999s
RC = 4

S(6) I = 4
[ 1, 8, 9 ], [ 1, 8, 11 ] ( 1, 3,15, 5)( 2,12,10, 4)( 6,14)( 7,13, 9,11), ( 2, 5, 3, 4)( 6, 7)( 8,10,15,12)( 9,11,14,13), (), 
[ , false, true, true, true ]
time = 1.7755179999999999s
RC = 3

PSL(4, 2) I = 4
[ 1, 2, 3 ], [ 1, 2, 4 ] ( 1, 6, 9,12)( 3, 4,11,14)( 5,13, 7,15)( 8,10), ( 2, 5, 7)( 3, 4, 6)( 8,13,10)( 9,12,11), (), 
[ 1, 2, 4, 7 ], [ 1, 2, 4, 8 ] ( 1,14,13)( 3,12,15)( 5,10, 9)( 7, 8,11), ( 2,13,14)( 3,12,15)( 6, 9,10)( 7, 8,11), ( 4,11,14)( 5,10,15)( 6, 9,12)( 7, 8,13), (), 
[ , false, false, true, true ]
time = 0.070850999999999997s
RC = 4

A(15)
RC = 14

S(15)
RC = 2

