C(17)
RC = 2

D(2*17) I = 2
[ , true, true ]
time = 0.091382000000000005s
RC = 2

17:4 I = 2
[ 1, 2, 6 ], [ 1, 2, 14 ] ( 1, 7,16,11)( 3, 5,10, 4)( 6,14,17, 8)( 9,15,12,13), ( 2,10)( 3,11)( 4,12)( 5,13)( 6,14)( 7,15)( 8,16)( 9,17), (), 
[ , false, true ]
time = 0.034749000000000002s
RC = 3

17:8 I = 2
[ 1, 2, 3 ], [ 1, 2, 5 ] ( 1, 7,16,11)( 3, 5,10, 4)( 6,14,17, 8)( 9,15,12,13), ( 2, 4, 6, 8,10,12,14,16)( 3, 5, 7, 9,11,13,15,17), (), 
[ , false, true ]
time = 0.031260000000000003s
RC = 3

AGL(1, 17) I = 2
[ 1, 2, 3 ], [ 1, 2, 4 ] ( 1,11,16, 7)( 3, 4,10, 5)( 6, 8,17,14)( 9,13,12,15), ( 2, 3, 4, 5, 6, 7, 8, 9,10,11,12,13,14,15,16,17), (), 
[ , false, true ]
time = 0.029745000000000001s
RC = 3

L(2, 2^4) I = 3
[ 1, 2, 3, 4 ], [ 1, 2, 3, 5 ] ( 1,16, 6, 4, 5,14,13,10,15,11, 7,12, 9, 8,17), ( 2,12,10,16,17,14, 6,13, 8,15, 7, 4, 5,11, 9), ( 3,15,16, 8, 6,14,12, 4, 5,17, 7,11,10, 9,13), (), 
[ , true, false, true ]
time = 0.034676999999999999s
RC = 4

L(2, 2^4):2 I = 4
[ 1, 2, 3, 4 ], [ 1, 2, 3, 5 ] ( 1,16, 6, 4, 5,14,13,10,15,11, 7,12, 9, 8,17), ( 2,12,10,16,17,14, 6,13, 8,15, 7, 4, 5,11, 9), ( 3,15,16, 8, 6,14,12, 4, 5,17, 7,11,10, 9,13), (), 
[ , true, false, true, true ]
time = 0.105712s
RC = 4

L(2, 2^4):4 = PGammaL(2, 2^4) I = 4
[ 1, 2, 3, 4 ], [ 1, 2, 3, 5 ] ( 1,16, 6, 4, 5,14,13,10,15,11, 7,12, 9, 8,17), ( 2,12,10,16,17,14, 6,13, 8,15, 7, 4, 5,11, 9), ( 3,15,16, 8, 6,14,12, 4, 5,17, 7,11,10, 9,13), (), 
[ , true, false, true, true ]
time = 0.065006999999999995s
RC = 4

A(17)
RC = 16

S(17)
RC = 2

