PSL(2,19) I = 3
[ 1, 2, 3 ], [ 1, 2, 4 ] ( 1, 6,15,11,17,12,14, 8, 7)( 3, 4, 9,13,16, 5,20,18,10), ( 2,18,17,11,13, 8,14,10,19)( 3, 4,15, 7, 5,20, 9,12,16), (), 
[ 1, 2, 3, 4 ], [ 1, 2, 3, 6 ] ( 1,19, 9,13,10,17,16, 8,14)( 4, 6, 7, 5,18,12,15,20,11), ( 2, 8,11)( 4, 6,18)( 5,16,14)( 7,15,10)( 9,19,20)(12,17,13), ( 3, 5, 7, 9,11,13,15,17,19)( 4, 6, 8,10,12,14,16,18,20), (), 
[ , false, false, true ]
time = 0.059082999999999997s
RC = 4

PGL(2,19) I = 3
[ 1, 2, 3, 4 ], [ 1, 2, 3, 5 ] ( 1,13,16)( 4, 5,15)( 6,18,20)( 7,12,11)( 8,19,10)( 9,17,14), ( 2,13,15,18,14,19, 8,12,10, 4, 5,20,11,17, 7, 6,16, 9), ( 3, 4, 5, 6, 7, 8, 9,10,11,12,13,14,15,16,17,18,19,20), (), 
[ , true, false, true ]
time = 0.034174999999999997s
RC = 4

A(20)
RC = 19

S(20)
RC = 2

