PGL(2, 7) I = 3
[ 1, 2, 4 ], [ 1, 2, 5 ] ( 1, 3)( 4, 5)( 7,12)( 9,17)(10,16)(11,18)(13,14)(20,21), ( 2, 6)( 4, 5)( 7,11)( 9,10)(12,18)(13,21)(14,20)(16,17), (), 
[ , false, true, true ]
time = 1.0836809999999999s
RC = 3

A(7) I = 5
[ 1, 2, 3 ], [ 1, 2, 7 ] ( 1,15, 3, 7, 6,12)( 4,14)( 5,13)( 8,11,18)( 9,21,16,10,20,17), ( 2,11, 3, 7, 6, 8)( 4,10)( 5, 9)(12,15,18)(13,21,16,14,20,17), (), 
[ 1, 2, 16, 17 ], [ 1, 2, 16, 18 ] ( 1, 7)( 3,12)( 4,13)( 5,15)( 6,14)(10,11)(17,18)(19,20), ( 2, 7)( 3, 8)( 4, 9)( 5,11)( 6,10)(14,15)(17,18)(19,20), ( 4, 5, 6)( 9,10,11)(13,14,15)(16,17,18)(19,21,20), (), 
[ 1, 2, 3, 4, 5 ], [ 1, 2, 3, 4, 6 ] ( 1, 5, 6)( 7,14,15)( 8,17,18)( 9,19,20)(10,21,11), ( 2, 5, 6)( 7,10,11)(12,17,18)(13,19,20)(14,21,15), ( 3, 5, 6)( 8,10,11)(12,14,15)(16,19,20)(17,21,18), ( 4, 5, 6)( 9,10,11)(13,14,15)(16,17,18)(19,21,20), (), 

 Timeout. Runtime = 300.000001s
RC = fail

S(7) I = 6
[ 1, 2, 3 ], [ 1, 2, 7 ] ( 1,13, 3, 7, 4,12)( 5,15)( 6,14)( 8, 9,16)(10,20,17,11,19,18), ( 2,11, 3, 7, 6, 8)( 4, 9)( 5,10)(12,15,18)(13,20,16)(14,21,17), (), 

 Timeout. Runtime = 300.00000799999998s
RC = fail

PSL(3, 4)=M(21) I = 4
[ 1, 2, 3 ], [ 1, 2, 6 ] ( 1,19,18, 5,21)( 3, 6,17,16, 7)( 4,11,20,14,10)( 8,13, 9,15,12), ( 2,15,13,19,20)( 3, 6, 7,14, 5)( 4,18,11,10, 8)( 9,21,17,12,16), (), 
[ 1, 2, 3, 4 ], [ 1, 2, 3, 5 ] ( 1,19, 9)( 4, 5,10)( 6,17, 7)( 8,20,12)(11,13,18)(14,21,15), ( 2, 9,19)( 4, 5,10)( 6,13,21)( 7,15, 8)(11,17,20)(12,14,18), ( 3,14,21)( 4, 5,11)( 6,10,12)( 7,16, 8)( 9,18,17)(13,19,20), (), 
[ 1, 2, 3, 4, 7 ], [ 1, 2, 3, 4, 18 ] ( 1, 7,18)( 5,16,10)( 6,20,13)( 8,17,19)( 9,11,12)(14,21,15), ( 2, 7,18)( 5,10,16)( 6,15,19)( 8,21,12)( 9,14,13)(11,20,17), ( 3, 7,18)( 5,11,15)( 6,12,10)( 8,19,17)( 9,13,14)(16,21,20), ( 4, 7,18)( 5,13, 8)( 6,10,12)( 9,16,19)(11,17,20)(14,15,21), (), 
[ , false, false, false, true ]
time = 0.11423999999999999s
RC = 5

PSigmaL(3, 4) I = 5
[ 1, 2, 3 ], [ 1, 2, 6 ] ( 1,20,19,13,15)( 3, 6, 7,17,16)( 4,18,21,10, 9)( 5, 8,11,14,12), ( 2,14,16, 5,17)( 3, 6, 4,15,19)( 7,18,11,12, 9)( 8,21,20,10,13), (), 
[ 1, 2, 3, 4 ], [ 1, 2, 3, 5 ] ( 1,11,17,20)( 4, 5,10,16)( 6,13, 8, 7)( 9,12,18,19)(15,21), ( 2,15,14,21)( 4, 5,10,16)( 6, 7, 9,19)( 8,13,18,12)(11,20), ( 3,14,21,15)( 4, 5, 8,20)( 7,17, 9,19)(10,12)(11,13,18,16), (), 
[ 1, 2, 3, 5, 8 ], [ 1, 2, 3, 5, 13 ] ( 1, 8,13)( 4,16,10)( 6,19,11)( 7,20, 9)(12,17,18)(14,15,21), ( 2, 8,13)( 4,10,16)( 6, 7,14)( 9,12,15)(11,17,20)(18,19,21), ( 3, 8,13)( 4,11,15)( 6,10,12)( 7, 9,20)(14,17,16)(18,21,19), ( 4,18, 7)( 5, 8,13)( 6,12,10)( 9,19,16)(11,20,17)(14,21,15), (), 
[ , false, false, false, true, true ]
time = 6.5158300000000002s
RC = 5

PGL(3, 4) I = 5
[ 1, 2, 3 ], [ 1, 2, 6 ] ( 1,13, 9, 4,14)( 3, 6,11, 5,19)( 7, 8,21,12,18)(10,16,20,17,15), ( 2,14,19, 8,11,10,13,18, 7, 3, 6, 4, 5,15,20)( 9,21,16,17,12), (), 
[ 1, 2, 6, 10 ], [ 1, 2, 6, 12 ] ( 1,10,12)( 3,15)( 4,20,11,19, 7,16)( 5,18,17, 9,13, 8)(14,21), ( 2,10,12)( 3,18, 8)( 5,15,17)( 7,11,21)(16,20,19), ( 3,18,14,11,21,13)( 4,20,19, 9,17, 5)( 6,10,12)( 7, 8)(15,16), (), 
[ 1, 2, 3, 4, 5 ], [ 1, 2, 3, 4, 16 ] ( 1, 9,13)( 5,16,10)( 6, 7,11)( 8,19,17)(12,20,18), ( 2,19, 8)( 5,16,10)( 6,21, 7)( 9,14,13)(12,18,15), ( 3, 5,16)( 7,11,21)( 8,17,19)( 9,13,14)(15,20,18), ( 4, 5,16)( 7,13,19)( 8, 9,18)(11,17,20)(14,21,15), (), 
[ , false, false, false, true, true ]
time = 3.0082399999999998s
RC = 5

PGammaL(3, 4) I = 6
[ 1, 2, 3 ], [ 1, 2, 6 ] ( 1, 7,16,15)( 3, 6, 9,18)( 4,17)( 5,13,14,10)(11,21,12,20), ( 2, 4,20,10,14,11)( 3, 6, 9)( 5,16,19,15,21, 7)( 8,18)(12,13,17), (), 
[ 1, 2, 3, 4, 5, 6 ], [ 1, 2, 3, 4, 5, 12 ] ( 1, 6,12)( 7,20, 9)( 8,19,17)(11,18,13)(14,21,15), ( 2, 6,12)( 7,15, 8)( 9,13,14)(11,20,17)(18,19,21), ( 3,16)( 6,12)( 7,20)( 8,17)(11,15)(13,14)(18,21), ( 4,16)( 6,12)( 7, 9)( 8,13)(11,17)(14,15)(18,19), ( 5,16)( 6,12)( 7,18)( 8,19)( 9,13)(11,20)(15,21), (), 
[ , false, true, true, false, true, true ]
time = 163.57493199999999s
RC = 6

A(21)
RC = 20

S(21)
RC = 2

