M(22) I = 5
[ 1, 2, 3, 4 ], [ 1, 2, 3, 5 ] ( 1, 6,15, 8,17)( 4, 5,22,16,10)( 7,11,21,20,13)( 9,18,19,14,12), ( 2,12)( 4, 5)( 7, 9)( 8,20)(10,22)(11,14)(15,18)(17,19), ( 3,16)( 4, 5)( 7,17)( 8,20)( 9,19)(11,15)(13,21)(14,18), (), 
[ 1, 2, 3, 4, 7 ], [ 1, 2, 3, 4, 18 ] ( 1, 7,18)( 5,21,12)( 6,22,20)( 8,11,15)( 9,17,10)(14,16,19), ( 2, 7,18)( 5,17,19)( 6,21,16)( 8,15,11)( 9,22,14)(10,12,20), ( 3, 7,18)( 5,12,21)( 6,11,17)( 8,16,10)( 9,14,22)(15,20,19), ( 4, 7,18)( 5, 8,22)( 6,16,21)( 9,10,17)(11,12,14)(15,19,20), (), 
[ 1, 2, 3, 5, 8, 13 ], [ 1, 2, 3, 5, 8, 22 ] ( 1,13,22)( 4, 9,14)( 6,19,11)( 7,17,21)(10,15,18)(12,20,16), ( 2,13,22)( 4, 6,20)( 7,21,17)( 9,12,15)(10,19,14)(11,18,16), ( 3,13,22)( 4,20, 6)( 7,19,12)( 9,11,21)(10,18,15)(14,17,16), ( 4,18, 7)( 5,13,22)( 6,17,15)( 9,21,11)(10,14,19)(12,16,20), ( 4, 7,18)( 6,11,19)( 8,13,22)( 9,15,12)(10,21,20)(14,16,17), (), 
[ , true, false, false, false, true ]
time = 0.22592799999999999s
RC = 6

M(22):2 I = 6
[ 1, 2, 3, 4 ], [ 1, 2, 3, 5 ] ( 1, 6)( 4, 5)( 7,19)( 8,20)( 9,17)(11,18)(14,15), ( 2,12)( 4, 5)( 7,15)( 9,18)(11,17)(13,21)(14,19), ( 3,17,12,19,21)( 4, 5, 6,20, 8)( 7,14,10,15, 9)(11,18,16,22,13), (), 
[ 1, 2, 3, 5, 8, 13 ], [ 1, 2, 3, 5, 8, 22 ] ( 1,13,22)( 4, 9,14)( 6,19,11)( 7,17,21)(10,15,18)(12,20,16), ( 2,13,22)( 4, 6,20)( 7,21,17)( 9,12,15)(10,19,14)(11,18,16), ( 3,13,22)( 4,20, 6)( 7,19,12)( 9,11,21)(10,18,15)(14,17,16), ( 4,18, 7)( 5,13,22)( 6,17,15)( 9,21,11)(10,14,19)(12,16,20), ( 4, 7,18)( 6,11,19)( 8,13,22)( 9,15,12)(10,21,20)(14,16,17), (), 
[ , true, false, true, false, true, true ]
time = 7.4337520000000001s
RC = 6

A(22)
RC = 21

S(22)
RC = 2

