C(23)
RC = 2

D(2*23) I = 2
[ , true, true ]
time = 0.30685400000000002s
RC = 2

23:11 I = 2
[ 1, 2, 3 ], [ 1, 2, 5 ] ( 1,10,20,14,13, 8,11,22, 7,19,15)( 3, 5, 6, 4,12,17,21,18, 9,23,16), ( 2, 4, 6, 8,10,12,14,16,18,20,22)( 3, 5, 7, 9,11,13,15,17,19,21,23), (), 
[ , false, true ]
time = 0.031099000000000002s
RC = 3

AGL(1, 23) I = 2
[ 1, 2, 3 ], [ 1, 2, 4 ] ( 1,14,11,19,10,13,22,15,20, 8, 7)( 3, 4,21,23, 5,12,18,16, 6,17, 9), ( 2, 3, 4, 5, 6, 7, 8, 9,10,11,12,13,14,15,16,17,18,19,20,21,22,23), (), 
[ , false, true ]
time = 0.030664s
RC = 3

M(23) I = 6
[ 1, 2, 3, 4, 5 ], [ 1, 2, 3, 4, 6 ] ( 1,14,11, 9, 7)( 5, 6,20,17, 8)(10,22,23,19,18)(12,21,16,15,13), ( 2,19,21,14,22)( 5, 6,11, 7,12)( 8, 9,18,20,13)(10,15,23,17,16), ( 3, 5, 6,20)( 7,23, 9,13)( 8,17)(10,19)(11,22,14,16)(12,18,21,15), ( 4,22,16,13,23)( 5, 6,20,10,19)( 7,21,12,14,18)( 8,11, 9,17,15), (), 
[ 1, 2, 3, 4, 6, 15 ], [ 1, 2, 3, 4, 6, 18 ] ( 1,15,18)( 5, 9,12)( 7,23,22)( 8,11,19)(10,20,13)(16,21,17), ( 2,15,18)( 5,17, 8)( 7,16,10)( 9,21,14)(11,19,23)(12,22,13), ( 3,15,18)( 5, 7,22)( 8,19,10)( 9,23,12)(11,13,20)(14,16,21), ( 4,15,18)( 5,23,17)( 7,13,16)( 8,19,11)( 9,21,20)(10,22,12), ( 5,17,23)( 6,15,18)( 7,11, 9)( 8,16,12)(10,13,20)(19,22,21), (), 
[ 1, 2, 3, 4, 5, 8, 11 ], [ 1, 2, 3, 4, 5, 8, 13 ] ( 1,11,13)( 6,17,20)( 7,19,16)( 9,21,23)(10,15,12)(14,18,22), ( 2,11,13)( 6,20,17)( 7,15,23)( 9,10,22)(12,16,14)(18,19,21), ( 3,11,13)( 6, 9,16)( 7,23,15)(10,17,19)(12,21,20)(14,22,18), ( 4,11,13)( 6,16, 9)( 7,20,22)(10,12,15)(14,17,23)(18,21,19), ( 5,11,13)( 6,18,15)( 7,22,20)( 9,23,21)(10,19,17)(12,14,16), ( 6,15,18)( 7,16,19)( 8,11,13)( 9,22,10)(12,20,21)(14,23,17), (), 
[ , true, true, false, false, false, true ]
time = 0.21984400000000001s
RC = 7

A(23)
RC = 22

S(23)
RC = 2

