M(24) I = 7
[ 1, 2, 3, 4, 5, 6 ], [ 1, 2, 3, 4, 5, 7 ] ( 1,21,20)( 6, 7,17)( 8, 9,14)(11,13,18)(12,19,15)(16,22,24), ( 2,15,13,21, 9)( 6, 7,19,11,18)( 8,17,14,20,12)(10,23,24,22,16), ( 3,14)( 6, 7)( 8, 9)(10,17)(12,13)(16,20)(18,19)(21,24), ( 4,11,15)( 6, 7,14)( 8,24,13)( 9,19,16)(10,21,20)(12,17,18), ( 5,24)( 6, 7)( 8,22)(10,19)(11,14)(12,23)(16,18)(17,20), (), 
[ 1, 2, 3, 4, 5, 6, 12 ], [ 1, 2, 3, 4, 5, 6, 16 ] ( 1,12,16)( 7,22,21)( 8,15,13)( 9,17,18)(10,14,20)(11,23,24), ( 2,12,16)( 7, 8,10)( 9,17,14)(11,20,13)(18,23,21)(19,24,22), ( 3,12,16)( 7,13,20)( 8,11,10)( 9,17,15)(18,22,24)(19,21,23), ( 4,12,16)( 7,24,21)( 8,23,17)( 9,22,10)(11,13,20)(14,18,19), ( 5,12,16)( 7,19,10)( 8,14,18)( 9,21,15)(11,17,24)(20,22,23), ( 6,12,16)( 7,22,19)( 8,18,17)( 9,13,15)(10,20,23)(11,24,14), (), 
[ , true, true, true, false, false, true, true ]
time = 0.29114200000000001s
RC = 7

PSL(2, 23) I = 3
[ 1, 2, 3 ], [ 1, 2, 6 ] ( 1,24,10, 4,15,16,11,23,18,19, 7)( 3, 6,13,17,21, 5, 8,22,14,20,12), ( 2,21,16,11, 7,12,19, 4, 5,13,20)( 3, 6,10, 9,18,15,24,17,14,23,22), (), 
[ 1, 2, 3, 4 ], [ 1, 2, 3, 5 ] ( 1, 6,24,22, 4, 5,11,15,13,17,23)( 7,10,19,14, 9,18,21,12,20, 8,16), ( 2,11,14,10,12, 6,21,15,17,13,16)( 4, 5, 9, 8,19,18,22,23, 7,24,20), ( 3,23,14,21,22,10,24,16, 4, 5,12)( 6,11,13,15,20,18, 7,17, 9,19, 8), (), 
[ , false, false, true ]
time = 0.066915000000000002s
RC = 4

PGL(2, 23) I = 3
[ 1, 2, 3, 4 ], [ 1, 2, 3, 5 ] ( 1, 6,24,22, 4, 5,11,15,13,17,23)( 7,10,19,14, 9,18,21,12,20, 8,16), ( 2,11,14,10,12, 6,21,15,17,13,16)( 4, 5, 9, 8,19,18,22,23, 7,24,20), ( 3,23,14,21,22,10,24,16, 4, 5,12)( 6,11,13,15,20,18, 7,17, 9,19, 8), (), 
[ , true, false, true ]
time = 0.033334999999999997s
RC = 4

A(24)
RC = 23

S(24)
RC = 2

