5^2:3 I = 2
[ 1, 2, 7 ], [ 1, 2, 16 ] ( 1,17, 8)( 3, 7,16)( 4,22,15)( 5,12,24)( 6,21,10)( 9,11,14)(13,19,18)(20,23,25), ( 2,19, 6)( 3,25,11)( 4, 7,16)( 5,13,21)( 8,24, 9)(10,15,14)(12,17,20)(18,23,22), (), 
[ , false, true ]
time = 0.099449999999999997s
RC = 3

5^2:S(3) I = 3
[ 1, 8, 12 ], [ 1, 8, 17 ] ( 1, 5,25)( 2,10,13)( 3,15, 7)( 4,20,19)( 6,18,24)( 9,23,16)(11,22,21)(12,17,14), ( 2,19, 6)( 3,25,11)( 4, 7,16)( 5,13,21)( 8,24, 9)(10,15,14)(12,17,20)(18,23,22), (), 
[ , false, true, true ]
time = 22.886606s
RC = 3

5^2:6 I = 2
[ 1, 2, 6 ], [ 1, 2, 19 ] ( 1,16,17, 3, 8, 7)( 4,24,22, 5,15,12)( 6,19,21,18,10,13)( 9,25,11,20,14,23), ( 2, 6,19)( 3,11,25)( 4,16, 7)( 5,21,13)( 8, 9,24)(10,14,15)(12,20,17)(18,22,23), (), 
[ , false, true ]
time = 0.039501000000000001s
RC = 3

5^2:Q(8) I = 2
[ 1, 2, 3 ], [ 1, 2, 4 ] ( 1, 5, 3, 4)( 6,15,18,24)( 7,12,17,22)( 8,14,16,25)( 9,11,20,23)(10,13,19,21), ( 2, 3, 4, 5)( 6,21,16,11)( 7,23,19,15)( 8,24,20,12)( 9,25,17,13)(10,22,18,14), (), 
[ , false, true ]
time = 0.038078000000000001s
RC = 3

5^2:D(2*4) I = 3
[ 1, 8, 14 ], [ 1, 8, 20 ] ( 1,22,14,20)( 2,12,15, 5)( 3, 7,13,10)( 4,17,11,25)( 6,23, 9,18)(16,21,24,19), ( 2, 6, 4,16)( 3,11, 5,21)( 7, 9,19,17)( 8,14,20,22)(10,24,18,12)(13,15,25,23), (), 
[ , false, true, true ]
time = 13.109204999999999s
RC = 3

5^2:8 I = 2
[ 1, 2, 3 ], [ 1, 2, 4 ] ( 1, 5, 3, 4)( 6,25,18,14)( 7,22,17,12)( 8,24,16,15)( 9,21,20,13)(10,23,19,11), ( 2, 3, 4, 5)( 6,11,16,21)( 7,13,19,25)( 8,14,20,22)( 9,15,17,23)(10,12,18,24), (), 
[ , false, true ]
time = 0.034242000000000002s
RC = 3

5^2:D(2*6) I = 3
[ , true, true, true ]
time = 6.3876010000000001s
RC = 2

5^2:Q(12) I = 2
[ 1, 2, 3 ], [ 1, 2, 4 ] ( 1, 5, 3, 4)( 6,11,18,23)( 7,15,17,24)( 8,12,16,22)( 9,13,20,21)(10,14,19,25), ( 2, 3, 4, 5)( 6,25,16,13)( 7,21,19,11)( 8,23,20,15)( 9,22,17,14)(10,24,18,12), (), 
[ , false, true ]
time = 0.032749s
RC = 3

5^2:12 I = 2
[ 1, 2, 3 ], [ 1, 2, 4 ] ( 1, 5, 3, 4)( 6,25,18,14)( 7,22,17,12)( 8,24,16,15)( 9,21,20,13)(10,23,19,11), ( 2, 3, 4, 5)( 6,11,16,21)( 7,13,19,25)( 8,14,20,22)( 9,15,17,23)(10,12,18,24), (), 
[ , false, true ]
time = 0.033801999999999999s
RC = 3

5^2:8:2 I = 3
[ 1, 2, 3 ], [ 1, 2, 4 ] ( 1, 5, 3, 4)( 6,15,18,24)( 7,12,17,22)( 8,14,16,25)( 9,11,20,23)(10,13,19,21), ( 2, 3, 4, 5)( 6,11,16,21)( 7,13,19,25)( 8,14,20,22)( 9,15,17,23)(10,12,18,24), (), 
[ , false, true, true ]
time = 3.6020859999999999s
RC = 3

5^2:D(2*4):2 I = 3
[ 1, 2, 3 ], [ 1, 2, 4 ] ( 1, 5, 3, 4)( 6,15,18,24)( 7,12,17,22)( 8,14,16,25)( 9,11,20,23)(10,13,19,21), ( 2, 3, 4, 5)( 6,11,16,21)( 7,13,19,25)( 8,14,20,22)( 9,15,17,23)(10,12,18,24), (), 
[ , false, true, true ]
time = 3.7507479999999997s
RC = 3

5^2:3:8 I = 2
[ 1, 2, 3 ], [ 1, 2, 4 ] ( 1, 5, 3, 4)( 6,25,18,14)( 7,22,17,12)( 8,24,16,15)( 9,21,20,13)(10,23,19,11), ( 2, 3, 4, 5)( 6,11,16,21)( 7,13,19,25)( 8,14,20,22)( 9,15,17,23)(10,12,18,24), (), 
[ , false, true ]
time = 0.029391s
RC = 3

5^2:4 x D(2*3) I = 3
[ 1, 2, 3 ], [ 1, 2, 4 ] ( 1, 5, 3, 4)( 6,25,18,14)( 7,22,17,12)( 8,24,16,15)( 9,21,20,13)(10,23,19,11), ( 2, 3, 4, 5)( 6,11,16,21)( 7,13,19,25)( 8,14,20,22)( 9,15,17,23)(10,12,18,24), (), 
[ , false, true, true ]
time = 1.766478s
RC = 3

AGL(1, 25) I = 2
[ 1, 2, 3 ], [ 1, 2, 4 ] ( 1, 5, 3, 4)( 6,25,18,14)( 7,22,17,12)( 8,24,16,15)( 9,21,20,13)(10,23,19,11), ( 2, 3, 4, 5)( 6,11,16,21)( 7,13,19,25)( 8,14,20,22)( 9,15,17,23)(10,12,18,24), (), 
[ , false, true ]
time = 0.032178999999999999s
RC = 3

5^2:(Q(8):3) I = 2
[ 1, 2, 3 ], [ 1, 2, 4 ] ( 1, 5, 3, 4)( 6,14,18,25)( 7,13,17,21)( 8,11,16,23)( 9,12,20,22)(10,15,19,24), ( 2, 3, 4, 5)( 6,24,16,12)( 7,22,19,14)( 8,25,20,13)( 9,23,17,15)(10,21,18,11), (), 
[ , false, true ]
time = 0.031213000000000001s
RC = 3

5^2:O+(2, 5) I = 3
[ 1, 2, 3 ], [ 1, 2, 4 ] ( 1, 5, 3, 4)( 6,10, 8, 9)(11,15,13,14)(16,20,18,19)(21,25,23,24), ( 2, 3, 4, 5)( 6,11,16,21)( 7,13,19,25)( 8,14,20,22)( 9,15,17,23)(10,12,18,24), (), 
[ , false, true, true ]
time = 1.0722020000000001s
RC = 3

AGammaL(1, 25) I = 3
[ 1, 2, 3 ], [ 1, 2, 4 ] ( 1, 5, 3, 4)( 6,11,18,23)( 7,15,17,24)( 8,12,16,22)( 9,13,20,21)(10,14,19,25), ( 2, 3, 4, 5)( 6,11,16,21)( 7,13,19,25)( 8,14,20,22)( 9,15,17,23)(10,12,18,24), (), 
[ , false, true, true ]
time = 0.53082600000000002s
RC = 3

5^2:((Q(8):3)'2) I = 3
[ 1, 2, 3 ], [ 1, 2, 4 ] ( 1, 5, 3, 4)( 6,14,18,25)( 7,13,17,21)( 8,11,16,23)( 9,12,20,22)(10,15,19,24), ( 2, 3, 4, 5)( 6,24,16,12)( 7,22,19,14)( 8,25,20,13)( 9,23,17,15)(10,21,18,11), (), 
[ , false, true, true ]
time = 0.57020199999999999s
RC = 3

5^2:((Q(8):3)'4) I = 3
[ 1, 2, 3 ], [ 1, 2, 4 ] ( 1, 5, 3, 4)( 6,14,18,25)( 7,13,17,21)( 8,11,16,23)( 9,12,20,22)(10,15,19,24), ( 2, 3, 4, 5)( 6,24,16,12)( 7,22,19,14)( 8,25,20,13)( 9,23,17,15)(10,21,18,11), (), 
[ , false, true, true ]
time = 0.193574s
RC = 3

ASL(2, 5) I = 3
[ 1, 2, 3 ], [ 1, 2, 4 ] ( 1, 5, 3, 4)( 6,13,18,21)( 7,11,17,23)( 8,15,16,24)( 9,14,20,25)(10,12,19,22), ( 2, 3, 4, 5)( 6,23,16,15)( 7,24,19,12)( 8,22,20,14)( 9,21,17,11)(10,25,18,13), (), 
[ , false, true, true ]
time = 0.144706s
RC = 3

ASL(2, 5):2 I = 3
[ 1, 2, 3 ], [ 1, 2, 4 ] ( 1, 5, 3, 4)( 6,14,18,25)( 7,13,17,21)( 8,11,16,23)( 9,12,20,22)(10,15,19,24), ( 2, 3, 4, 5)( 6,21,16,11)( 7,23,19,15)( 8,24,20,12)( 9,25,17,13)(10,22,18,14), (), 
[ 1, 2, 6, 7 ], [ 1, 2, 6, 9 ] ( 1, 3)( 4, 5)( 7, 9)( 8,10)(11,15)(12,13)(16,19)(17,20)(21,22)(23,24), ( 2, 4)( 3, 5)( 7, 9)( 8,10)(12,14)(13,15)(17,19)(18,20)(22,24)(23,25), ( 6,10, 7, 9, 8)(11,12,13,15,14)(16,18,19,17,20)(21,24,25,23,22), (), 
[ , false, false, true ]
time = 0.089691999999999994s
RC = 4

AGL(2, 5) I = 3
[ 1, 2, 3 ], [ 1, 2, 4 ] ( 1, 5, 3, 4)( 6,19, 9,17)( 7,18,10,20)( 8,16)(11,21,12,25)(13,22,14,23)(15,24), ( 2, 3, 4, 5)( 6, 8, 7, 9)(11,14,13,15)(16,20,19,17)(21,22,25,23), (), 
[ 1, 2, 6, 7 ], [ 1, 2, 6, 8 ] ( 1, 4, 3, 5)( 7, 8, 9,10)(11,12,15,13)(16,20,19,17)(21,23,22,24), ( 2, 3, 4, 5)( 7, 8, 9,10)(12,13,14,15)(17,18,19,20)(22,23,24,25), ( 6, 7, 8,10, 9)(11,13,14,12,15)(16,19,20,18,17)(21,25,22,24,23), (), 
[ , false, false, true ]
time = 0.093445s
RC = 4

(A(5) x A(5)):2 I = 5
[ 1, 2, 3, 4 ], [ 1, 2, 3, 5 ] ( 1, 4, 5)( 6,24,20)( 7,22,17)( 8,23,18)( 9,25,16)(10,21,19)(11,14,15), ( 2, 4, 5)( 6,11,16)( 7,14,20)( 8,13,18)( 9,15,17)(10,12,19)(22,24,25), ( 3, 4, 5)( 6,21,16)( 7,22,17)( 8,24,20)( 9,25,18)(10,23,19)(13,14,15), (), 

 Timeout. Runtime = 61.597217000000001s
RC = fail

(A(5) x A(5)):2^2 I = 6
[ 1, 2, 8, 9 ], [ 1, 2, 8, 13 ] ( 1,17, 5,22, 4,12)( 3, 7)( 6,18,10,23, 9,13)(11,16,20,25,24,14)(15,21,19), ( 2,21, 5,16, 4,11)( 3, 6)( 7,23,10,18, 9,13)(12,22,25,20,19,14)(15,17,24), ( 3, 5, 4)( 6,11,16)( 7,12,17)( 8,15,19)( 9,13,20)(10,14,18)(23,25,24), (), 
[ 1, 2, 8, 13, 19 ], [ 1, 2, 8, 13, 20 ] ( 1, 4, 5)( 6, 9,10)(11,14,15)(16,19,20)(21,24,25), ( 2, 4, 5)( 7, 9,10)(12,14,15)(17,19,20)(22,24,25), ( 4, 5)( 6,21)( 7,22)( 8,23)( 9,25)(10,24)(14,15)(19,20), ( 4, 5)( 9,10)(11,21)(12,22)(13,23)(14,25)(15,24)(19,20), (), 

 Timeout. Runtime = 60.000002000000002s
RC = fail

(A(5) x A(5)):4 I = 6
[ 1, 2, 8, 9 ], [ 1, 2, 8, 13 ] ( 1,22)( 3, 7)( 4,12, 5,17)( 6,23)( 9,13,10,18)(11,25,16,24)(14,15,20,19), ( 2,16, 5,21)( 3, 6)( 4,11)( 7,18,10,23)( 9,13)(12,19,15,24)(17,20,25,22), ( 3, 5, 4)( 6,11,21)( 7,12,22)( 8,15,24)( 9,13,25)(10,14,23)(18,20,19), (), 
[ 1, 2, 6, 13, 19 ], [ 1, 2, 6, 13, 20 ] ( 1, 7)( 3,12)( 4,17, 5,22)( 8,11)( 9,16,10,21)(14,18,15,23)(19,20,25,24), ( 2, 4, 5)( 7, 9,10)(12,14,15)(17,19,20)(22,24,25), ( 4, 5)( 6,21)( 7,22)( 8,23)( 9,25)(10,24)(14,15)(19,20), ( 4, 5)( 9,10)(11,21)(12,22)(13,23)(14,25)(15,24)(19,20), (), 

 Timeout. Runtime = 60.000003999999997s
RC = fail

(S(5) x S(5)):2 I = 7
[ 1, 2, 8, 9 ], [ 1, 2, 8, 13 ] ( 1,22, 4,12)( 3, 7)( 5,17)( 6,23, 9,13)(10,18)(11,21,24,14)(15,16,25,19), ( 2,16, 4,11)( 3, 6)( 5,21)( 7,18, 9,13)(10,23)(12,17,19,14)(15,22,20,24), ( 3, 4)( 6,11,16,21)( 7,12,17,22)( 8,14,18,24)( 9,13,19,23)(10,15,20,25), (), 

 Timeout. Runtime = 60.000003s
RC = fail

A(25)
RC = 24

S(25)
RC = 2

