PSL(2, 25) I = 3
[ 1, 2, 3 ], [ 1, 2, 6 ] ( 1, 3, 6,18,19, 9)( 4,22,16,21, 5,10)( 7, 8,20,23,25,17)(11,14,13,12,15,26), ( 2,20,16,22,25)( 3, 6,19, 9,18)( 4,14,23,13,21)( 5, 7,10,11,12)( 8,24,17,26,15), (), 
[ 1, 2, 3, 4 ], [ 1, 2, 3, 5 ] ( 1,26, 4, 5)( 6,11,10,22)( 7,14,13, 9)( 8,25,19,24)(12,18,20,15)(16,23,21,17), ( 2,26)( 4, 5)( 6,18)( 7,21)( 8,22)( 9,19)(10,13)(11,23)(12,14)(15,25)(16,24)(17,20), ( 3, 4, 5,26)( 6,13,12, 8)( 7,24,18,23)( 9,21,10,15)(11,17,19,14)(16,20,22,25), (), 
[ , false, false, true ]
time = 0.063913999999999999s
RC = 4

PGL(2, 25) I = 3
[ 1, 2, 3, 4 ], [ 1, 2, 3, 5 ] ( 1,26, 4, 5)( 6,11,10,22)( 7,14,13, 9)( 8,25,19,24)(12,18,20,15)(16,23,21,17), ( 2,26)( 4, 5)( 6,18)( 7,21)( 8,22)( 9,19)(10,13)(11,23)(12,14)(15,25)(16,24)(17,20), ( 3, 4, 5,26)( 6,13,12, 8)( 7,24,18,23)( 9,21,10,15)(11,17,19,14)(16,20,22,25), (), 
[ , true, false, true ]
time = 0.038608999999999997s
RC = 4

PSigmaL(2, 25) I = 4
[ 1, 2, 3 ], [ 1, 2, 6 ] ( 1,17)( 3, 6)( 4,24)( 5,20)( 7,15)( 8,16)( 9,26)(10,22)(12,21)(13,23)(14,19)(18,25), ( 2,14,17,11)( 3, 6,18, 9)( 4,15,12,22)( 5,20,21,24)( 7,25,13,26)( 8,10,16,23), (), 
[ 1, 2, 3, 4 ], [ 1, 2, 3, 5 ] ( 1,26, 4, 5)( 6,11,10,22)( 7,14,13, 9)( 8,25,19,24)(12,18,20,15)(16,23,21,17), ( 2,26)( 4, 5)( 6,18)( 7,21)( 8,22)( 9,19)(10,13)(11,23)(12,14)(15,25)(16,24)(17,20), ( 3, 4, 5,26)( 6,13,12, 8)( 7,24,18,23)( 9,21,10,15)(11,17,19,14)(16,20,22,25), (), 
[ , false, false, true, true ]
time = 1.8404660000000002s
RC = 4

PSL(2, 25).2_3 I = 3
[ 1, 2, 3, 4 ], [ 1, 2, 3, 5 ] ( 1,26, 4, 5)( 6,11,10,22)( 7,14,13, 9)( 8,25,19,24)(12,18,20,15)(16,23,21,17), ( 2,26)( 4, 5)( 6,18)( 7,21)( 8,22)( 9,19)(10,13)(11,23)(12,14)(15,25)(16,24)(17,20), ( 3, 4, 5,26)( 6,13,12, 8)( 7,24,18,23)( 9,21,10,15)(11,17,19,14)(16,20,22,25), (), 
[ , true, false, true ]
time = 0.036443000000000003s
RC = 4

PGammaL(2, 25) I = 4
[ 1, 2, 3, 4 ], [ 1, 2, 3, 5 ] ( 1,26, 4, 5)( 6,19,10, 8)( 7,17,13,23)( 9,21,14,16)(11,24,22,25)(12,15,20,18), ( 2,26)( 4, 5)( 6,18)( 7,21)( 8,22)( 9,19)(10,13)(11,23)(12,14)(15,25)(16,24)(17,20), ( 3, 4, 5,26)( 6,16,12,22)( 7,10,18, 9)( 8,25,13,20)(11,14,19,17)(15,23,21,24), (), 
[ , true, false, true, true ]
time = 0.52824300000000002s
RC = 4

A(26)
RC = 25

S(26)
RC = 2

