PGL(2, 7) I = 3
[ 1, 2, 3 ], [ 1, 2, 4 ] ( 1, 5, 6, 7, 3, 4)( 8,16,17,18,14,15)( 9,23,12,27,21,25)(10,11,26,28,22,19)(13,20,24), ( 2, 7, 6)( 3, 4, 5)( 8,13,12)( 9,10,11)(14,25,26)(15,27,21)(16,22,24)(17,18,28)(19,23,20), (), 
[ , false, true, true ]
time = 10.495862000000001s
RC = 3

PSL(2, 8) I = 3
[ 1, 2, 4 ], [ 1, 2, 26 ] ( 1,16)( 3,14)( 4,26)( 5,27)( 6,21)( 7,11)( 8,19)( 9,20)(10,28)(12,23)(15,22)(18,25), ( 2, 9,19,15,12, 7, 8,27,13)( 3,23,25,10,17,11,22,24, 6)( 4,26,18,20,21,16,28, 5,14), (), 
[ , false, true, true ]
time = 5.0892400000000002s
RC = 3

PGammaL(2, 8) I = 3
[ 1, 2, 3 ], [ 1, 2, 4 ] ( 1, 7, 5)( 3, 4, 6)( 8,28,18)( 9,23,15)(10,25,19)(11,27,16)(12,22,20)(13,24,17)(14,26,21), ( 2,25,16, 8, 6,18,15,11,14)( 3, 4,27,22,28,12,10,20, 9)( 5,19,24,21,13,17,26, 7,23), (), 
[ , false, true, true ]
time = 0.70925700000000003s
RC = 3

PSU(3, 3) I = 4
[ 1, 2, 3 ], [ 1, 2, 5 ] ( 1,18)( 3, 5)( 4,16)( 6,15)( 7,17)( 9,25)(10,27)(11,26)(12,28)(14,20)(21,24)(22,23), ( 2,26,25,16, 4,24,18,17, 3, 5, 9, 6)( 7,27,11,10,19, 8,20,15,14,21,23,28)(12,22,13), (), 
[ 1, 2, 5, 6 ], [ 1, 2, 5, 22 ] ( 1,14,12, 9,13, 6,22,23)( 3,25,15,27, 8,28,17,26)( 4,10,24,20,19,21,11, 7)(16,18), ( 2,27)( 3,21)( 4, 8)( 6,22)( 7,28)( 9,20)(10,19)(11,18)(12,17)(13,16)(14,15)(23,25), ( 3, 4)( 5,15, 6,22, 8,20, 7,25)( 9,26,10,16,12,21,11,19)(13,27,23,14,18,24,28,17), (), 
[ , false, false, true, true ]
time = 21.528209s
RC = 4

PGammaU(3, 3) I = 4
[ 1, 2, 3 ], [ 1, 2, 5 ] ( 1,16,13, 4,18,19)( 3, 5, 8)( 6,15,20, 7,17,14)( 9,26,22,10,28,24)(11,25,21,12,27,23), ( 2,26, 8)( 3, 5,27)( 4,24,21)( 6, 9,10)( 7,20,13)(11,22,14)(12,19,23)(15,16,25)(17,18,28), (), 
[ 1, 2, 5, 6 ], [ 1, 2, 5, 7 ] ( 1, 4)( 6, 7)( 9,10)(11,12)(13,19)(14,20)(15,17)(16,18)(21,23)(22,24)(25,27)(26,28), ( 2, 3)( 6, 7)( 9,11)(10,12)(13,15)(14,16)(17,19)(18,20)(21,27)(22,28)(23,25)(24,26), ( 5, 8)( 6, 7)( 9,12)(10,11)(13,18)(14,17)(15,20)(16,19)(21,26)(22,25)(23,28)(24,27), (), 
[ , false, false, true, true ]
time = 5.8387409999999997s
RC = 4

PSp(6, 2) I = 7
[ 1, 2, 3 ], [ 1, 2, 4 ] ( 1,23,14,10,21)( 3, 4,20,11,17,27,15,28,19, 6)( 5,16,12,25, 7)( 8,18)( 9,22,13,26,24), ( 2, 5,10, 8, 6)( 3, 4,11, 9, 7)(12,16,17,18,24)(13,19,27,22,20)(14,25,15,26,21), (), 
[ 1, 2, 4, 6, 8, 10 ], [ 1, 2, 4, 6, 8, 11 ] ( 1,28)(10,11)(12,27)(13,26)(14,25)(15,24)(16,23)(17,22)(18,21)(19,20), ( 2,20,10,11,12, 3)( 5,16,24)( 7,14,22)( 9,13,21)(15,23)(17,25)(18,26)(19,28,27), ( 4, 5)(10,11)(12,16)(13,17)(14,18)(15,19)(20,24)(21,25)(22,26)(23,27), ( 3,20,22)( 5,16,18)( 6,14,10,11,12, 7)( 9,13,15)(17,19)(21,23)(24,26)(25,28,27), ( 8, 9)(10,11)(12,13)(14,15)(16,17)(18,19)(20,21)(22,23)(24,25)(26,27), (), 

 Timeout. Runtime = 300.00000599999998s
RC = fail

A(8) I = 5
[ 1, 2, 3 ], [ 1, 2, 8 ] ( 1,18, 6,15, 5,14)( 3, 8, 7,17, 4,16)( 9,13,28,24,23,20)(10,27,21)(11,22,12,25,26,19), ( 2, 9)( 3, 8)( 4,10)( 5,12, 7,11, 6,13)(15,19)(16,21,18,20,17,22)(23,24,25)(26,28,27), (), 
[ 1, 2, 3, 23, 24 ], [ 1, 2, 3, 23, 25 ] ( 1, 6, 7)( 8,17,18)( 9,21,22)(10,24,25)(11,26,27)(12,28,13), ( 2, 6, 7)( 8,12,13)(14,21,22)(15,24,25)(16,26,27)(17,28,18), ( 3, 6, 7)( 9,12,13)(14,17,18)(19,24,25)(20,26,27)(21,28,22), ( 5, 6, 7)(11,12,13)(16,17,18)(20,21,22)(23,24,25)(26,28,27), (), 
[ 1, 2, 3, 4, 5, 6 ], [ 1, 2, 3, 4, 5, 7 ] ( 1, 6, 7)( 8,17,18)( 9,21,22)(10,24,25)(11,26,27)(12,28,13), ( 2, 6, 7)( 8,12,13)(14,21,22)(15,24,25)(16,26,27)(17,28,18), ( 3, 6, 7)( 9,12,13)(14,17,18)(19,24,25)(20,26,27)(21,28,22), ( 4, 6, 7)(10,12,13)(15,17,18)(19,21,22)(23,26,27)(24,28,25), ( 5, 6, 7)(11,12,13)(16,17,18)(20,21,22)(23,24,25)(26,28,27), (), 
[ , false, true, false, false, true ]
time = 24.415341000000002s
RC = 6

S(8) I = 6
[ 1, 2, 3 ], [ 1, 2, 8 ] ( 1,15, 7,16, 6,14)( 3, 8, 4,18, 5,17)( 9,10,25,27,26,21)(11,24,22)(12,19,13,23,28,20), ( 2,11, 4,13, 6, 9)( 3, 8, 5,10, 7,12)(14,16,23,25,28,21)(15,27,24,22,17,20)(18,26,19), (), 

 Timeout. Runtime = 300.00000599999998s
RC = fail

PSL(2, 27) I = 3
[ 1, 2, 3 ], [ 1, 2, 4 ] ( 1,10,19,15,23,24,11,27, 5,12, 8, 9,17)( 3, 4,18, 6,16,22,28, 7,13,26,14,25,20), ( 2, 8,27,17,12,21, 3, 4,24,13,10,18, 6)( 5,28,16,23,26,15, 7,19,20,14, 9,22,25), (), 
[ 1, 2, 3, 4 ], [ 1, 2, 3, 8 ] ( 1,21, 6, 7,26,10,25,13,19,15, 4, 8,11)( 5,16,27,20,18,17,24,23,12,14,22, 9,28), ( 2,19, 4, 8,27,11,26,14,20,13, 5, 9,12)( 6,17,25,21,16,18,22,24,10,15,23, 7,28), ( 3, 7,14,15,12, 9,20,10, 6,21,27,25, 5)( 4, 8,13,22,16,19,18,28,24,11,23,17,26), (), 
[ , false, false, true ]
time = 0.058355999999999998s
RC = 4

PGL(2, 27) I = 3
[ 1, 2, 3, 4 ], [ 1, 2, 3, 5 ] ( 1,20,19, 9, 7,24, 8,16,25,14,21,18,15,28,26,23,11,27,13,22, 6,17, 4, 5,10,12), ( 2,20, 8, 9,26,19,13,27,12,14, 4, 5,11)( 6,10,21, 7,22,17,15,16,28,24,25,23,18), ( 3, 4, 5,26,25,17,27,23,21,11, 6,24,10,28,20,18, 9,19,12,16,15,22,14,13, 7, 8), (), 
[ , true, false, true ]
time = 0.046156000000000003s
RC = 4

PSL(2, 27):3 I = 4
[ 1, 2, 3 ], [ 1, 2, 4 ] ( 1,15,23)( 3, 4,27)( 5,28,24)( 6,21, 9)( 7,14,17)( 8,16,12)(10,18,25)(11,19,20), ( 2,21, 5,10,13,14,15,18,23, 7,26,11,17)( 3, 4,20, 9,28,19, 8,24,25,12,22, 6,16), (), 
[ 1, 2, 3, 4 ], [ 1, 2, 3, 8 ] ( 1,21, 6, 7,26,10,25,13,19,15, 4, 8,11)( 5,16,27,20,18,17,24,23,12,14,22, 9,28), ( 2,19, 4, 8,27,11,26,14,20,13, 5, 9,12)( 6,17,25,21,16,18,22,24,10,15,23, 7,28), ( 3, 7,14,15,12, 9,20,10, 6,21,27,25, 5)( 4, 8,13,22,16,19,18,28,24,11,23,17,26), (), 
[ , false, false, true, true ]
time = 1.251344s
RC = 4

PGammaL(2, 27) I = 4
[ 1, 2, 3, 4 ], [ 1, 2, 3, 5 ] ( 1,16,13,28, 6,24)( 4, 5, 8,14,21,22)( 7,27)( 9,25,20,11,17,26)(10,23,15,18,19,12), ( 2,20, 8, 9,26,19,13,27,12,14, 4, 5,11)( 6,10,21, 7,22,17,15,16,28,24,25,23,18), ( 3, 8,14,28,10,11)( 4, 5,17,20,18,12)( 6,26,21,13, 9,22)( 7,16,25,24,27,19)(15,23), (), 
[ , true, false, true, true ]
time = 0.40432099999999999s
RC = 4

A(28)
RC = 27

S(28)
RC = 2

