C(31)
RC = 2

D(2*31) I = 2
[ , true, true ]
time = 1.031647s
RC = 2

31:3 I = 2
[ 1, 2, 7 ], [ 1, 2, 27 ] ( 1,30, 5)( 3,10,25)( 4,23,16)( 6, 9,11)( 7,27,26)( 8,20,24)(12,21,18)(13,19,17)(14,31,22)(15,28,29), ( 2,22,12)( 3,23,13)( 4,24,14)( 5,25,15)( 6,26,16)( 7,27,17)( 8,28,18)( 9,29,19)(10,30,20)(11,31,21), (), 
[ , false, true ]
time = 0.070956000000000005s
RC = 3

31:5 I = 2
[ 1, 2, 3 ], [ 1, 2, 9 ] ( 1,15,17, 8,18)( 3, 9,22,26, 4)( 5,29,19,24,21)( 6,31,27,16,25)( 7,23,10,11,14)(12,30,28,13,20), ( 2, 8,14,20,26)( 3, 9,15,21,27)( 4,10,16,22,28)( 5,11,17,23,29)( 6,12,18,24,30)( 7,13,19,25,31), (), 
[ , false, true ]
time = 0.047306000000000001s
RC = 3

31:6 I = 2
[ 1, 2, 3 ], [ 1, 2, 13 ] ( 1, 7, 5,26,30,27)( 3,13,25,17,10,19)( 4,28,16,15,23,29)( 6, 8,11,24, 9,20)(12,31,18,14,21,22), ( 2,12,22)( 3,13,23)( 4,14,24)( 5,15,25)( 6,16,26)( 7,17,27)( 8,18,28)( 9,19,29)(10,20,30)(11,21,31), (), 
[ , false, true ]
time = 0.044617999999999998s
RC = 3

31:10 I = 2
[ 1, 2, 3 ], [ 1, 2, 9 ] ( 1,15,17, 8,18)( 3, 9,22,26, 4)( 5,29,19,24,21)( 6,31,27,16,25)( 7,23,10,11,14)(12,30,28,13,20), ( 2, 8,14,20,26)( 3, 9,15,21,27)( 4,10,16,22,28)( 5,11,17,23,29)( 6,12,18,24,30)( 7,13,19,25,31), (), 
[ , false, true ]
time = 0.037610999999999999s
RC = 3

31:15 I = 2
[ 1, 2, 3 ], [ 1, 2, 7 ] ( 1,20,29,18,13, 5, 8,28,21,17,30,24,15,12,19)( 3, 7, 6, 4,14,25,26,11,16,22,10,27, 9,23,31), ( 2, 6,10,14,18,22,26,30, 4, 8,12,16,20,24,28)( 3, 7,11,15,19,23,27,31, 5, 9,13,17,21,25,29), (), 
[ , false, true ]
time = 0.034070000000000003s
RC = 3

AGL(1, 31) I = 2
[ 1, 2, 3 ], [ 1, 2, 4 ] ( 1,18, 8,17,15)( 3, 4,26,22, 9)( 5,21,24,19,29)( 6,25,16,27,31)( 7,14,11,10,23)(12,20,13,28,30), ( 2, 3, 4, 5, 6, 7, 8, 9,10,11,12,13,14,15,16,17,18,19,20,21,22,23,24,25,26,27,28,29,30,31), (), 
[ , false, true ]
time = 0.031120999999999999s
RC = 3

L(3, 5) I = 5
[ 1, 2, 3 ], [ 1, 2, 4 ] ( 1,17, 9, 5,15,21,31, 3, 4,10,13,12,11, 7,25,28,27, 8,30,16)( 6,23,24,26)(14,29,19,20,22), ( 2, 3, 4,31,27,14,15,10)( 5, 6,22,20,23, 9,25, 7)( 8,28,29,21,12,13,24,18)(11,26)(16,17)(19,30), (), 
[ 1, 2, 4, 11 ], [ 1, 2, 4, 15 ] ( 1,27)( 5,28,12,16)( 6,29,13,17)( 7,26,19,31)( 8,23,22,30)( 9,21,18,20)(10,24,14,25)(11,15), ( 2,11,15,27)( 3,28,31,19)( 5, 7)( 6,25,16,23)( 8,24,12,29)( 9,17,20,22)(10,13,26,21)(14,18), ( 3,16, 5,12)( 4,27,11,15)( 6,23,24,26)( 7,17, 8,10)( 9,25,30,31)(14,20,22,29), (), 
[ 1, 2, 3, 4, 7 ], [ 1, 2, 3, 4, 8 ] ( 1,15,27,11)( 5,28,12,16)( 7, 8,10,21)( 9,31,30,25)(14,20,19,22)(18,26,23,24), ( 2,15)( 5,20,12,21)( 6,29,13,17)( 7, 8,19,22)( 9,24,18,25)(10,31,14,26)(11,27)(16,30,28,23), ( 3,13, 6,29)( 5,25,23,22)( 7, 8,10,21)( 9,24,14,28)(12,31,18,20)(16,30,26,19), ( 4,27,11,15)( 5,16,12,28)( 6,24,18,23)( 7, 8,21,17)( 9,30,13,25)(19,22,20,29), (), 
[ , false, false, false, true, true ]
time = 14.950787999999999s
RC = 5

L(5, 2) I = 5
[ 1, 2, 3 ], [ 1, 2, 19 ] ( 1,14, 5,30,20)( 3,19,25,31,28)( 4,10,11,23,29)( 6,16,13,17, 9)( 7,22,18,27, 8)(12,15,21,26,24), ( 2,16,31,29,23,28,22,24,17,11, 4,20,14,21, 6)( 3,19,25,18,27, 8, 7,26,13,10, 5,30,12,15, 9), (), 
[ 1, 2, 3, 4 ], [ 1, 2, 3, 12 ] ( 1,17,11, 8,28,25,13)( 4,12,15,27,31, 9,22)( 5,24,10, 7, 6,16,23)(14,21,19,26,18,29,30), ( 2,18,10,14,28,23, 9)( 4,12,29,16,26,13, 5)( 7, 8,21,19,31,17,15)(11,30,20,27,25,22,24), ( 3, 8,28)( 4,12,27)( 5,16,24)( 6,23, 7)( 9,31,15)(11,25,13)(14,21,18)(20,29,30), (), 
[ 1, 2, 3, 4, 5 ], [ 1, 2, 3, 4, 24 ] ( 1,15,25)( 5,24,18)( 6,26,10)( 8,28,27)( 9,11,31)(12,17,22)(14,19,16)(23,29,30), ( 2,31,15)( 5,24,16)( 7,10,23)( 8,28,17)(11,13,25)(12,27,22)(14,19,18)(20,29,26), ( 3,16,17)( 5,24, 8)( 6,25,10)( 9,29,31)(11,13,23)(12,14,22)(15,26,20)(18,21,27), ( 4,17,27)( 5,24,14)( 7,26,23)( 8,28,22)( 9,25,31)(10,29,30)(11,13,15)(16,18,21), (), 
[ , false, false, false, true, true ]
time = 0.60015099999999999s
RC = 5

A(31)
RC = 30

S(31)
RC = 2

