AGL(1, 32) I = 2
[ 1, 2, 3 ], [ 1, 2, 4 ] ( 1,25, 9,16,19, 5, 8, 6,31,13,17,32,22,26,18, 7,29,24, 3, 4,27,20,30,15,12,14,10,23,28,11,21), ( 2,22,12,27,24, 9,13,11,16,29,19,28, 3, 4,23,30, 8,17,25,21,31,18,14,32, 5, 7, 6,20,15,10,26), (), 
[ , false, true ]
time = 0.033459999999999997s
RC = 3

AGammaL(1, 32) I = 3
[ 1, 2, 3 ], [ 1, 2, 4 ] ( 1, 6,10,18,19,17,23,25, 7,12,24,29,15,28, 5,14,26, 3, 4, 8,16,32,13,30,11,20,21,31, 9,22,27), ( 2,28,21,10,32,22,19,12,29,14,31,15, 7, 3, 4,25,13, 6,27,16,30,23,11, 8,26,24,18,20,17, 9, 5), (), 
[ 1, 2, 3, 9 ], [ 1, 2, 3, 25 ] ( 1,11,17,29, 5)( 4,10,20,32, 8)( 6,12,28,14,26)( 7, 9,25,15,27)(13,19,21,23,31)(16,18,24,22,30), ( 2, 8,11,27,21)( 4, 6, 9,25,23)( 5,16,19,13,24)( 7,14,17,15,22)(10,32,29,26,18)(12,30,31,28,20), ( 3,15,18,11,23)( 4,16,17,12,24)( 5, 8, 9,25,20)( 6, 7,10,26,19)(13,32,28,29,21)(14,31,27,30,22), (), 
[ , false, false, true ]
time = 0.089411000000000004s
RC = 4

ASL(5, 2) I = 6
[ 1, 2, 3, 4 ], [ 1, 2, 3, 5 ] ( 1, 8, 7)( 4, 5, 6)( 9,22,27,10,20,30)(11,17,31,12,23,26)(13,24,32,14,18,25)(15,19,28,16,21,29), ( 2, 7, 9,14)( 4, 5,11,16)( 6,13, 8,15)(10,12)(17,29,28,22)(18,27,20,25)(19,31,26,24)(21,23), ( 3, 6, 4, 5)( 7, 8)( 9,18,26)(10,17,25)(11,21,27,13,20,29,12,22,28,14,19,30)(15,23,32,16,24,31), (), 
[ 1, 2, 3, 5, 9, 16 ], [ 1, 2, 3, 5, 9, 17 ] ( 1,32,10,23)( 4,29,11,22)( 6,27,13,20)( 7,26,16,17)(18,25)(19,28)(21,30)(24,31), ( 2,31, 4,29)( 6,27, 8,25)(10,23,12,21)(14,19,16,17)(18,20)(22,24)(26,28)(30,32), ( 3,30,15,18)( 4,29,16,17)( 7,26,11,22)( 8,25,12,21)(19,31)(20,32)(23,27)(24,28), ( 5,28, 6,27)( 7,26, 8,25)(13,20,14,19)(15,18,16,17)(21,22)(23,24)(29,30)(31,32), ( 9,24,15,18)(10,23,16,17)(11,22,13,20)(12,21,14,19)(25,31)(26,32)(27,29)(28,30), (), 
[ , true, false, true, false, true, true ]
time = 0.703762s
RC = 6

PSL(2, 31) I = 3
[ 1, 2, 3 ], [ 1, 2, 4 ] ( 1,26,31,27,10,11,17, 7,28, 3, 4,18,14,19,13)( 5,21,25,32,20,24, 9,29,15,22, 6, 8,23,30,16), ( 2,30,17,22,25,18,19, 3, 4,28,31, 5,23,20,11)( 6,27,12, 8,14,10,26,16,15, 9,29,32,24,13, 7), (), 
[ 1, 2, 3, 4 ], [ 1, 2, 3, 7 ] ( 1,10,15,32,21,26, 4, 7,25,24,14,22,12,11,29)( 5,18,31,19,13, 6,28, 9,16,20,27, 8,30,23,17), ( 2,12,20,15,23)( 4, 7,26, 6,22)( 5,32,30,21,14)( 8,17,19,25,11)( 9,28,31,13,29)(10,16,18,27,24), ( 3,14,10,23,25, 9,11,24,20,31,21, 6,32,28,13)( 4, 7, 8,18,16,26,27,30,22,19, 5,17,29,15,12), (), 
[ , false, false, true ]
time = 0.063864000000000004s
RC = 4

PGL(2, 31) I = 3
[ 1, 2, 3, 4 ], [ 1, 2, 3, 5 ] ( 1,20, 7,18,29,16, 4, 5,11, 9,26,17,12,28,21,23,22, 6,32,30,14,13,15, 8,24,19,10,27,25,31), ( 2, 8, 4, 5, 9,16,15,25, 6,21,13,24,12,17, 7,32,28,18,23,11,22,14,29,10,20,19,26,30,31,27), ( 3,21, 9)( 4, 5,26)( 6,11,14)( 7,17,27)( 8,29,30)(10,32,24)(12,19,16)(13,31,25)(15,22,18)(20,23,28), (), 
[ , true, false, true ]
time = 0.036622000000000002s
RC = 4

A(32)
RC = 31

S(32)
RC = 2

