PSL(2, 32) I = 3
[ 1, 2, 3, 4 ], [ 1, 2, 3, 5 ] ( 1,30, 9,33,28,24,12, 8,32,27, 6, 4, 5,16,25,17,23, 7,10,14,21,18,15,22,26,29,13,19,11,20,31), ( 2,14, 8,22,25,33,17,15,11,26,12,30,31,28,16, 6,29,19, 7, 4, 5,23, 9,24,20,18,32,10,13,27,21), ( 3,26, 7,23,33,29,30,10,12,25,14,20, 9,22,24, 4, 5,32,11,27, 8,31,19,18,28,21,17,13, 6,16,15), (), 
[ , true, false, true ]
time = 0.035910999999999998s
RC = 4

PGammaL(2, 32) I = 4
[ 1, 2, 3, 4 ], [ 1, 2, 3, 5 ] ( 1, 7,20,30,29)( 4, 5,21,15, 8)( 6,28,10,12,33)(11,26,22,17,16)(13,32,14,25,24)(18,31,27,19,23), ( 2,32,11,21,12)( 4, 5,33,28,19)( 6, 7,25,13,26)( 8,10,20,15,16)( 9,17,27,18,24)(14,30,29,22,31), ( 3, 8,21,23,22)( 4, 5,28,17,20)( 6,13,27,32,26)( 7,29,16,33,31)( 9,18,11,25,15)(10,24,12,19,14), (), 
[ 1, 2, 3, 4, 10 ], [ 1, 2, 3, 4, 24 ] ( 1,23,21,18,20)( 5,14,16,19,17)( 6,33,27,13, 8)( 7,11,22,25,28)( 9,30,26,15,12)(10,24,29,31,32), ( 2,18, 9,33,31)( 5,25,10,24,23)( 6,19, 7,22,30)( 8,32,15,28,29)(11,27,20,17,13)(12,21,26,16,14), ( 3,32,18, 5,27)( 6,29,30,14,17)( 7,21,28, 8,33)( 9,23,16,25,19)(10,24,20,15,22)(11,13,26,31,12), ( 4,15,16,13,18)( 5,26, 7,33,12)( 6,21,27,10,24)( 8,25,11,29,14)( 9,28,32,23,30)(17,31,20,19,22), (), 
[ , true, false, false, true ]
time = 0.106808s
RC = 5

A(33)
RC = 32

S(33)
RC = 2

