A(8) I = 5
[ 1, 4, 13 ], [ 1, 4, 14 ] ( 1,35,30,13,14, 3)( 2,28,31, 9,12, 6)( 5,10,25)( 7,11,32)( 8,18,34,16,20,21)(17,23,24,26,33,27)(19,22,29), ( 2,22)( 3,28)( 4, 9,10,23,16,21)( 5,12,11,17,24,18)( 6,13,14,20,19,26)( 7,29,15,31, 8,35)(25,27,32)(30,33,34), (), 
[ 1, 2, 4, 8 ], [ 1, 2, 4, 12 ] ( 1,22, 3)( 5,34, 6)( 7,17,23)( 8,12, 9)(11,33,14)(13,27,29)(15,18,21)(19,24,30)(20,25,31)(26,32,35), ( 2,28)( 3,22)( 5,31)( 6,20)( 7,17)( 8,12)(11,35)(13,19)(14,26)(15,18)(24,29)(25,34)(27,30)(32,33), ( 3,22,28)( 4, 6,34)( 7,17,31)( 8,12,29)( 9,13,27)(10,14,33)(15,18,35)(16,19,30)(20,25,23)(21,26,32), (), 
[ 1, 2, 3, 4, 10 ], [ 1, 2, 3, 4, 16 ] ( 1,22)( 5,34)( 7,23)( 8,21)( 9,15)(10,16)(11,30)(12,18)(13,35)(14,19)(20,31)(24,33)(26,29)(27,32), ( 2,28)( 5,31)( 6,25)( 8,15)( 9,21)(10,16)(11,29)(12,18)(13,33)(14,27)(19,32)(20,34)(24,35)(26,30), ( 3,22)( 6,34)( 7,17)( 8,18)( 9,21)(10,16)(11,24)(12,15)(13,32)(14,30)(19,33)(20,25)(26,27)(29,35), ( 4,10,16)( 5,11,24)( 6,14,19)( 7,15, 8)( 9,23,21)(12,17,18)(13,20,26)(25,32,27)(29,31,35)(30,34,33), (), 
mem-limit


S(8) I = 5
[ 1, 4, 13 ], [ 1, 4, 23 ] ( 1,27,35,13,23,14,24,33)( 2, 8,18,28, 9, 6,20,21)( 3,19,26,22)( 5,34,15,16,10,12,25,31)( 7,17,32,30)(11,29), ( 2,12, 3,18,28,17)( 4,32,19)( 5,24, 8,15,35,31)( 6,25,27,16,10,14)( 7,11,29)( 9,21,26,20,34,30)(13,23,33), (), 
[ 1, 2, 4, 8 ], [ 1, 2, 4, 31 ] ( 1,19,33)( 3,14,11,24,30,22)( 5,16,34,28, 6,10)( 7,17,27,29,35,26)( 8,31,18)( 9,21,15,20,25,12)(13,23,32), ( 2, 8,31,18)( 3, 7,17,22)( 5,12,28,15)( 6,10,20,21)( 9,25,16,34)(11,24,29,35)(13,32)(14,26)(19,33)(27,30), ( 3, 5,22,24,28,11)( 4,33,19)( 6,34,30,16,10,14)( 7,17,12,29,35,15)( 8,31,18)( 9,21,26,20,25,27)(13,23,32), (), 
[ 1, 2, 3, 4, 10 ], [ 1, 2, 3, 4, 34 ] ( 1,14,22,19)( 5,10,34,16)( 6,28)( 7,32,23,27)( 8,15,21, 9)(11,33,30,24)(12,20,18,31)(13,26,35,29), ( 2,15,28, 8)( 5,18,31,12)( 6,21,25, 9)( 7,22)(10,34,16,20)(11,35,29,24)(13,26,33,30)(14,32,27,19), ( 3,11,22,24)( 5,28)( 6,10,34,16)( 7,35,17,29)( 8,15,18,12)( 9,20,21,25)(13,26,32,27)(14,33,30,19), ( 4,30,10,34,16,33)( 5,24,11)( 6,19,14)( 7, 8,15)( 9,32,23,27,21,25)(12,35,17,29,18,31)(13,26,20)(22,28), (), 
mem-limit
A(7) I = 4
[ 1, 2, 5 ], [ 1, 2, 22 ] ( 1,33, 4)( 3,14, 6)( 5,22,10)( 7,21,12)( 8,31,18)( 9,17,26)(11,34,28)(13,23,32)(15,29,25)(16,24,30)(20,35,27), ( 2,12,11,17)( 3, 8,15, 7)( 4,13,23,19)( 5,22,24,18)( 6, 9,20,16)(10,14)(21,26)(25,27,34,30)(28,29,35,31)(32,33), (), 
[ 1, 2, 4, 8 ], [ 1, 2, 4, 15 ] ( 1,11,24)( 3,14,19)( 7,13,26)( 8,15,20)( 9,21,31)(10,16,28)(12,18,25)(17,27,32)(22,33,30)(23,29,35), ( 2, 5)( 3, 7)( 8,15)( 9,16)(10,21)(11,24)(12,18)(13,19)(14,26)(17,22)(27,30)(28,31)(29,35)(32,33), ( 4,34)( 8,15)( 9,32)(10,30)(11,24)(12,35)(13,26)(14,19)(16,33)(17,31)(18,29)(21,27)(22,28)(23,25), (), 

 Timeout. Runtime = 60.000003s
RC = fail

S(7) I = 5
[ 1, 2, 5 ], [ 1, 2, 22 ] ( 1,33,24,34)( 3,14,19, 6)( 4,28,10,16)( 5,22,11,30)( 7,21,20,35)( 8,29)( 9,13)(12,27)(15,31,26,23)(17,18,25,32), ( 2,18,24,17)( 3,15, 8, 7)( 4,26,23,14)( 5,22,11,12)( 6,21,20,10)( 9,13)(16,19)(25,32,34,33)(27,30)(28,35,29,31), (), 

 Timeout. Runtime = 60.000002000000002s
RC = fail

A(35)
RC = 34

S(35)
RC = 2

