C(37)
RC = 2

D(2*37) I = 2
[ , true, true ]
time = 2.8060710000000002s
RC = 2

37:3 I = 2
[ 1, 2, 8 ], [ 1, 2, 32 ] ( 1,30,36)( 3, 8,32)( 4,25,11)( 5,21,10)( 6,24,28)( 7,16,15)( 9,26,13)(12,22,37)(14,33,23)(17,19,20)(18,31,34)(27,35,29), ( 2,26,14)( 3,27,15)( 4,28,16)( 5,29,17)( 6,30,18)( 7,31,19)( 8,32,20)( 9,33,21)(10,34,22)(11,35,23)(12,36,24)(13,37,25), (), 
[ , false, true ]
time = 0.154053s
RC = 3

37:4 I = 2
[ 1, 2, 6 ], [ 1, 2, 33 ] ( 1,34, 3, 7)( 4,27,21,37)( 5,22,11,29)( 6,33,17, 9)( 8,16,30,18)(10,12,25,35)(13,28,14,20)(15,36,31,32)(19,26,24,23), ( 2,29,20,11)( 3,30,21,12)( 4,31,22,13)( 5,32,23,14)( 6,33,24,15)( 7,34,25,16)( 8,35,26,17)( 9,36,27,18)(10,37,28,19), (), 
[ , false, true ]
time = 0.089848999999999998s
RC = 3

37:6 I = 2
[ 1, 2, 4 ], [ 1, 2, 10 ] ( 1, 8,36, 3,30,32)( 4,10,11,21,25, 5)( 6,19,28,17,24,20)( 7,18,15,34,16,31)( 9,23,13,33,26,14)(12,29,37,35,22,27), ( 2, 8,14,20,26,32)( 3, 9,15,21,27,33)( 4,10,16,22,28,34)( 5,11,17,23,29,35)( 6,12,18,24,30,36)( 7,13,19,25,31,37), (), 
[ , false, true ]
time = 0.064818000000000001s
RC = 3

37:9 I = 2
[ 1, 2, 4 ], [ 1, 2, 36 ] ( 1,23,11,30,14, 4,36,33,25)( 3,26, 5, 8,13,21,32, 9,10)( 6,12, 7,24,22,16,28,37,15)(17,35,34,19,29,18,20,27,31), ( 2,34,30,26,22,18,14,10, 6)( 3,35,31,27,23,19,15,11, 7)( 4,36,32,28,24,20,16,12, 8)( 5,37,33,29,25,21,17,13, 9), (), 
[ , false, true ]
time = 0.073520000000000002s
RC = 3

37:12 I = 2
[ 1, 2, 3 ], [ 1, 2, 15 ] ( 1,31, 8, 7,36,18, 3,15,30,34,32,16)( 4,29,10,37,11,35,21,22,25,27, 5,12)( 6,14,19, 9,28,23,17,13,24,33,20,26), ( 2,14,26)( 3,15,27)( 4,16,28)( 5,17,29)( 6,18,30)( 7,19,31)( 8,20,32)( 9,21,33)(10,22,34)(11,23,35)(12,24,36)(13,25,37), (), 
[ , false, true ]
time = 0.044599s
RC = 3

37:18 I = 2
[ 1, 2, 3 ], [ 1, 2, 5 ] ( 1,11,14,36,25,23,30, 4,33)( 3, 5,13,32,10,26, 8,21, 9)( 6, 7,22,28,15,12,24,16,37)(17,34,29,20,31,35,19,18,27), ( 2, 4, 6, 8,10,12,14,16,18,20,22,24,26,28,30,32,34,36)( 3, 5, 7, 9,11,13,15,17,19,21,23,25,27,29,31,33,35,37), (), 
[ , false, true ]
time = 0.039621999999999997s
RC = 3

AGL(1, 37) I = 2
[ 1, 2, 3 ], [ 1, 2, 4 ] ( 1,21,23,32,11, 9,30,10,14, 3, 4,26,36, 5,33, 8,25,13)( 6,18,12,20, 7,27,24,31,22,17,16,35,28,34,37,19,15,29), ( 2, 3, 4, 5, 6, 7, 8, 9,10,11,12,13,14,15,16,17,18,19,20,21,22,23,24,25,26,27,28,29,30,31,32,33,34,35,36,37), (), 
[ , false, true ]
time = 0.033051999999999998s
RC = 3

A(37)
RC = 36

S(37)
RC = 2

