PSL(2,37) I = 3
[ 1, 2, 3 ], [ 1, 2, 4 ] ( 1,26, 3, 4,32,23, 6,31,13,33,11,27,36,15,22,28,25,10)( 5,35,16,20, 7,12,38,24,19,21, 9, 8,18,14,17,29,37,30), ( 2,22, 9, 8,16,25, 6,17,35,15,37,21,12,33,26,20,23,38)( 3, 4,30,34,31,19,11,18, 7,13,32,28, 5,36,10,24,29,27), (), 
[ 1, 2, 3, 4 ], [ 1, 2, 3, 6 ] ( 1,33, 5,38,11, 9)( 4, 6,19,14,29,12)( 7,25,10,34,23,26)( 8,15,27,32,18,28)(13,24,17,21,35,22)(16,36,37,31,30,20), ( 2,12,15,37,26,24,31, 5,34)( 4, 6,14,33,11,27, 9,22,10)( 7, 8,23,29,16,13,25,17,38)(18,35,30,21,32,36,20,19,28), ( 3, 5, 7, 9,11,13,15,17,19,21,23,25,27,29,31,33,35,37)( 4, 6, 8,10,12,14,16,18,20,22,24,26,28,30,32,34,36,38), (), 
[ , false, false, true ]
time = 0.070401000000000005s
RC = 4

PGL(2,37) I = 3
[ 1, 2, 3, 4 ], [ 1, 2, 3, 5 ] ( 1,22,36,25,27,14, 9,35,16, 7,15,19,11,21,20,26, 8, 6,38,17,30,23,28, 4, 5,24,31,34,18,12,33,13,37,10,32,29), ( 2,22,24,33,12,10,31,11,15, 4, 5,27,37, 6,34, 9,26,14)( 7,19,13,21, 8,28,25,32,23,18,17,36,29,35,38,20,16,30), ( 3, 4, 5, 6, 7, 8, 9,10,11,12,13,14,15,16,17,18,19,20,21,22,23,24,25,26,27,28,29,30,31,32,33,34,35,36,37,38), (), 
[ , true, false, true ]
time = 0.039253000000000003s
RC = 4

A(38)
RC = 37

S(38)
RC = 2

