PSp(4, 3) I = 5
[ 1, 2, 3 ], [ 1, 2, 7 ] ( 1,18)( 3, 7)( 4,35)( 5,37)( 6,40)( 8,25)( 9,19)(10,29)(11,26)(12,15)(13,38)(14,31)(16,28)(17,22)(21,32)(24,27)(33,36)(34,39), ( 2,26,32,37)( 3, 7)( 4,21, 8,30)( 5,35,25,11)( 6,29, 9,40)(10,19,34,39)(12,33,15,18)(13,38,17,31)(14,27,24,22)(16,23,20,28), (), 
[ 1, 2, 3, 4 ], [ 1, 2, 3, 8 ] ( 1, 7)( 4, 8)( 5,19)( 6,23)( 9,28)(10,24)(11,22)(12,26)(13,20)(14,34)(15,37)(16,17)(18,21)(25,39)(27,35)(29,31)(30,33)(38,40), ( 2,32)( 4, 8)( 5,25)( 6, 9)(10,34)(11,35)(12,15)(13,17)(14,24)(16,20)(18,33)(19,39)(21,30)(22,27)(23,28)(26,37)(29,40)(31,38), ( 3,36)( 4, 8)( 5, 9)( 6,25)(10,14)(11,17)(12,37)(13,35)(15,26)(16,22)(18,30)(19,28)(20,27)(21,33)(23,39)(24,34)(29,38)(31,40), (), 

 Timeout. Runtime = 60.000003s
RC = fail

PSp(4, 3):2 I = 6
[ 1, 2, 3 ], [ 1, 2, 7 ] ( 1, 3, 7,18,32,21)( 4,35,34,29,10,39)( 5,17,16,19,26,12)( 6,20,40)( 8,25,24,31,14,27)( 9,28,22,37,15,11)(13,23,38)(30,36,33), ( 2,33,30,36)( 3, 7,32,21)( 4,14,22,37)( 5,17,31,35)( 6,38,13,40)( 8,10,19,26)( 9,29,25,11)(12,34,28,27)(15,24,16,39)(20,23), (), 
[ 1, 2, 3, 4 ], [ 1, 2, 3, 33 ] ( 1,38)( 4,33)( 5,12)( 6,10)( 7,40)( 8,30)(11,37)(13,34)(14,20)(15,22)(16,17)(18,31)(19,26)(21,29)(23,24)(25,39)(32,36), ( 2,15)( 4,33)( 5,40)( 7,36)( 8,18)(10,28)(11,31)(12,32)(13,17)(14,20)(16,24)(19,39)(21,26)(23,34)(25,29)(30,37)(35,38), ( 3,14)( 4,33)( 6,40)( 7,32)( 8,21)(10,36)(11,17)(12,28)(13,29)(15,22)(16,26)(18,24)(19,37)(23,39)(25,31)(30,34)(35,38), (), 
mem-limit

PSp(4, 3) I = 5
[ 1, 2, 3 ], [ 1, 2, 7 ] ( 1,18)( 3, 7)( 4,35)( 5,37)( 6,40)( 8,25)( 9,19)(10,29)(11,26)(12,15)(13,38)(14,31)(16,28)(17,22)(21,32)(24,27)(33,36)(34,39), ( 2,26,32,37)( 3, 7)( 4,21, 8,30)( 5,35,25,11)( 6,29, 9,40)(10,19,34,39)(12,33,15,18)(13,38,17,31)(14,27,24,22)(16,23,20,28), (), 
[ 1, 2, 3, 4 ], [ 1, 2, 3, 8 ] ( 1, 7)( 4, 8)( 5,19)( 6,23)( 9,28)(10,24)(11,22)(12,26)(13,20)(14,34)(15,37)(16,17)(18,21)(25,39)(27,35)(29,31)(30,33)(38,40), ( 2,32)( 4, 8)( 5,25)( 6, 9)(10,34)(11,35)(12,15)(13,17)(14,24)(16,20)(18,33)(19,39)(21,30)(22,27)(23,28)(26,37)(29,40)(31,38), ( 3,36)( 4, 8)( 5, 9)( 6,25)(10,14)(11,17)(12,37)(13,35)(15,26)(16,22)(18,30)(19,28)(20,27)(21,33)(23,39)(24,34)(29,38)(31,40), (), 

 Timeout. Runtime = 60.000010000000003s
RC = fail

PSp(4, 3):2 I = 6
[ 1, 2, 3 ], [ 1, 2, 7 ] ( 1, 3, 7,18,32,21)( 4,35,34,29,10,39)( 5,17,16,19,26,12)( 6,20,40)( 8,25,24,31,14,27)( 9,28,22,37,15,11)(13,23,38)(30,36,33), ( 2,33,30,36)( 3, 7,32,21)( 4,14,22,37)( 5,17,31,35)( 6,38,13,40)( 8,10,19,26)( 9,29,25,11)(12,34,28,27)(15,24,16,39)(20,23), (), 
[ 1, 2, 3, 4 ], [ 1, 2, 3, 33 ] ( 1,38)( 4,33)( 5,12)( 6,10)( 7,40)( 8,30)(11,37)(13,34)(14,20)(15,22)(16,17)(18,31)(19,26)(21,29)(23,24)(25,39)(32,36), ( 2,15)( 4,33)( 5,40)( 7,36)( 8,18)(10,28)(11,31)(12,32)(13,17)(14,20)(16,24)(19,39)(21,26)(23,34)(25,29)(30,37)(35,38), ( 3,14)( 4,33)( 6,40)( 7,32)( 8,21)(10,36)(11,17)(12,28)(13,29)(15,22)(16,26)(18,24)(19,37)(23,39)(25,31)(30,34)(35,38), (), 
mem-limit

PSL(4, 3) I = 6
[ 1, 2, 3 ], [ 1, 2, 5 ] ( 1,11,39,40,25,13,18,38,19,17,23,12,24)( 3, 5,36,34,31,10,21,32,16,14,29, 6,30)( 4, 8,33,37,28, 7,15,35,22,20,26, 9,27), ( 2, 6,31,28,18, 9,38,25,35,32,15,12,21)( 3, 5,29,27,19,10,40,24,36,33,16,11,22)( 4, 7,30,26,17, 8,39,23,37,34,14,13,20), (), 
[ 1, 2, 5, 9 ], [ 1, 2, 5, 14 ] ( 1,26,28)( 3,23,31)( 4,29,25)( 6,17,37)( 7,35,19)( 9,14,40)(10,38,16)(12,20,34)(13,32,22), ( 2,24,30)( 3,23,31)( 4,25,29)( 8,15,39)( 9,14,40)(10,16,38)(11,33,21)(12,34,20)(13,32,22), ( 5,18,36)( 6,17,37)( 7,19,35)( 8,15,39)( 9,14,40)(10,16,38)(11,21,33)(12,20,34)(13,22,32), (), 
[ 1, 2, 5, 14, 27 ], [ 1, 2, 5, 14, 28 ] ( 1, 3, 4)( 6,13,12, 7, 9,10)( 8,11)(15,22,21,16,18,19)(17,20)(24,31,30,25,27,28)(26,29)(33,40,39,34,36,37)(35,38), ( 2,31, 4,29, 3,30)( 6, 7)( 8,40,10,38, 9,39)(11,22,12,20,13,21)(15,16)(17,36,19,35,18,37)(24,25)(26,27,28)(33,34), ( 5, 6, 7)( 8, 9,10)(11,12,13)(23,24,25)(26,27,28)(29,30,31)(32,34,33)(35,37,36)(38,40,39), (14,15,16)(17,18,19)(20,21,22)(23,24,25)(26,27,28)(29,30,31)(32,33,34)(35,36,37)(38,39,40), (), 
[ 1, 2, 3, 5, 14, 23 ], [ 1, 2, 3, 5, 14, 32 ] ( 1, 4)( 6,10)( 7,12)( 9,13)(15,21)(16,19)(17,20)(23,32)(24,39)(25,37)(26,38)(27,36)(28,34)(29,35)(30,33)(31,40), ( 2, 4)( 8,12)( 9,13)(10,11)(15,16)(17,19)(20,21)(23,32)(24,34)(25,33)(26,37)(27,36)(28,35)(29,39)(30,38)(31,40), ( 3, 4)( 8,11)( 9,12)(10,13)(15,16)(18,19)(21,22)(23,32)(24,34)(25,33)(26,35)(27,37)(28,36)(29,38)(30,40)(31,39), ( 5,23,32)( 6,24,34)( 7,25,33)( 8,26,38)( 9,27,40)(10,28,39)(11,29,35)(12,30,37)(13,31,36), ( 6, 7)( 8,11)( 9,13)(10,12)(14,23,32)(15,25,33,16,24,34)(17,29,35,20,26,38)(18,31,36,22,27,40)(19,30,37,21,28,39), (), 

 Timeout. Runtime = 60.000008000000001s
RC = fail

PGL(4, 3) I = 7
[ 1, 2, 3 ], [ 1, 2, 5 ] ( 1, 8)( 3, 5)( 4,11)( 6,12)(15,26)(16,38)(17,20)(18,23)(19,35)(21,29)(22,32)(24,30)(25,33)(28,39)(31,36)(34,37), ( 2, 7,17,34,20,23)( 3, 5,18,33,22,24)( 4, 6,19,32,21,25)( 8,26,10,28, 9,27)(11,37,31)(12,35,29,13,36,30)(14,15)(38,40,39), (), 
[ 1, 2, 5, 9 ], [ 1, 2, 5, 14 ] ( 1,26,30, 4,29,24)( 3,23,27)( 6,17,21,10,38,33)( 7,35,39,12,20,15)( 9,14,18,13,32,36)(16,37)(19,34)(22,40)(25,28), ( 2,33,13,23,10,16)( 3,32,12,25, 8,15)( 4,34,11,24, 9,14)( 6, 7)(17,35,26)(18,37,27,19,36,28)(20,40,21,38,22,39)(29,31,30), ( 3, 4)( 5,19,37,28)( 6,17,36,27, 7,18,35,26)( 8,16,34,31,11,22,40,25)( 9,14,33,30,13,21,38,23)(10,15,32,29,12,20,39,24), (), 

 Timeout. Runtime = 60.000022000000001s
RC = fail

A(40)
RC = 39

S(40)
RC = 2

