C(41)
RC = 2

D(2*41) I = 2
[ , true, true ]
time = 2.5193120000000002s
RC = 2

41:4 I = 2
[ 1, 2, 10 ], [ 1, 2, 20 ] ( 1,28)( 3,34)( 4,41)( 5,12)( 6,18)( 7,26)( 8,14)( 9,27)(10,20)(11,15)(13,39)(16,31)(17,22)(19,35)(21,32)(23,40)(24,37)(25,33)(29,30)(36,38), ( 2,12,22,32)( 3,13,23,33)( 4,14,24,34)( 5,15,25,35)( 6,16,26,36)( 7,17,27,37)( 8,18,28,38)( 9,19,29,39)(10,20,30,40)(11,21,31,41), (), 
[ , false, true ]
time = 0.096457000000000001s
RC = 3

41:5 I = 2
[ 1, 2, 5 ], [ 1, 2, 37 ] ( 1,19,12,24,15)( 3,22,10,31,32)( 4,13,38, 6,26)( 5,37,11,28,35)( 7,41,39,36,18)( 8,23,29,33, 9)(14,40,30,25,27)(16,21,34,17,20), ( 2,34,26,18,10)( 3,35,27,19,11)( 4,36,28,20,12)( 5,37,29,21,13)( 6,38,30,22,14)( 7,39,31,23,15)( 8,40,32,24,16)( 9,41,33,25,17), (), 
[ , false, true ]
time = 0.077760999999999997s
RC = 3

41:8 I = 2
[ 1, 2, 3 ], [ 1, 2, 33 ] ( 1,39,10, 8,28,13,20,14)( 3,33,37,26,34,25,24, 7)( 4,17,27,15,41,22, 9,11)( 5, 6,21,30,12,18,32,29)(16,40,19,36,31,23,35,38), ( 2,32,22,12)( 3,33,23,13)( 4,34,24,14)( 5,35,25,15)( 6,36,26,16)( 7,37,27,17)( 8,38,28,18)( 9,39,29,19)(10,40,30,20)(11,41,31,21), (), 
[ , false, true ]
time = 0.059943000000000003s
RC = 3

41:10 I = 2
[ 1, 2, 3 ], [ 1, 2, 31 ] ( 1,24,19,15,12)( 3,31,22,32,10)( 4, 6,13,26,38)( 5,28,37,35,11)( 7,36,41,18,39)( 8,33,23, 9,29)(14,25,40,27,30)(16,17,21,20,34), ( 2,30,18, 6,34,22,10,38,26,14)( 3,31,19, 7,35,23,11,39,27,15)( 4,32,20, 8,36,24,12,40,28,16)( 5,33,21, 9,37,25,13,41,29,17), (), 
[ , false, true ]
time = 0.058628s
RC = 3

41:20 I = 2
[ 1, 2, 3 ], [ 1, 2, 5 ] ( 1,22,37,21,19,10,11,34,12,31,28,17,24,32,35,20,15, 3, 5,16)( 4,25,18,23,13,27, 7,29,38,14,41,33, 6,40,39, 9,26,30,36, 8), ( 2, 4, 6, 8,10,12,14,16,18,20,22,24,26,28,30,32,34,36,38,40)( 3, 5, 7, 9,11,13,15,17,19,21,23,25,27,29,31,33,35,37,39,41), (), 
[ , false, true ]
time = 0.042321999999999999s
RC = 3

AGL(1, 41) I = 2
[ 1, 2, 3 ], [ 1, 2, 4 ] ( 1,23,21, 7,11,14,31, 6,24, 9,20,36, 5,25,22,13,19,29,34,41,28,40,32,26,15, 8,16,18,37,27,10,38,12,33,17,39,35,30, 3, 4), ( 2, 3, 4, 5, 6, 7, 8, 9,10,11,12,13,14,15,16,17,18,19,20,21,22,23,24,25,26,27,28,29,30,31,32,33,34,35,36,37,38,39,40,41), (), 
[ , false, true ]
time = 0.032752999999999997s
RC = 3

A(41)
RC = 40

S(41)
RC = 2

