PSL(2,41) I = 3
[ 1, 2, 3 ], [ 1, 2, 4 ] ( 1,38, 9,11,39,34,19,22,30,37,26,23,42,20, 3, 4,35,33,17,32)( 5,15,14, 8,21,13,40,16,25, 7,27,41,31,36,29,10, 6,18,24,28), ( 2,20, 9, 7,19,24,39,36,28,21,32,35,16,38,15,14,23,25,41,26)( 3, 4,10,37, 5,18,42,33,11,31,17,27,22,29, 8,12,40,34,30,13), (), 
[ 1, 2, 3, 4 ], [ 1, 2, 3, 6 ] ( 1,26,33,21,30)( 4, 6, 9,27,38)( 5,15,20,18,31)( 7,39,19,41,32)( 8,34,17,10,40)(11,28,25,29,24)(12,36,37,22,16)(13,42,23,35,14), ( 2,23,38,22,20,11,12,35,13,32,29,18,25,33,36,21,16, 4, 6,17)( 5,26,19,24,14,28, 8,30,39,15,42,34, 7,41,40,10,27,31,37, 9), ( 3, 5, 7, 9,11,13,15,17,19,21,23,25,27,29,31,33,35,37,39,41)( 4, 6, 8,10,12,14,16,18,20,22,24,26,28,30,32,34,36,38,40,42), (), 
[ , false, false, true ]
time = 0.11025500000000001s
RC = 4

PGL(2,41) I = 3
[ 1, 2, 3, 4 ], [ 1, 2, 3, 5 ] ( 1,24,34,14,21,25,40,23,26,11,17,13,30,29, 8,35,33,28,10,42)( 4, 5,19,37,27,18, 7,12, 6,15,41,22,38,31,39,36, 9,20,32,16), ( 2,24,22, 8,12,15,32, 7,25,10,21,37, 6,26,23,14,20,30,35,42,29,41,33,27,16, 9,17,19,38,28,11,39,13,34,18,40,36,31, 4, 5), ( 3, 4, 5, 6, 7, 8, 9,10,11,12,13,14,15,16,17,18,19,20,21,22,23,24,25,26,27,28,29,30,31,32,33,34,35,36,37,38,39,40,41,42), (), 
[ , true, false, true ]
time = 0.046407999999999998s
RC = 4

A(42)
RC = 41

S(42)
RC = 2

