C(43)
RC = 2

D(2*43) I = 2
[ , true, true ]
time = 3.1719810000000002s
RC = 2

43:3 I = 2
[ 1, 2, 9 ], [ 1, 2, 37 ] ( 1,41, 6)( 3,13,34)( 4,36,30)( 5,25, 7)( 8,17,19)( 9,37,29)(10,27,26)(11,23,28)(12,42,15)(14,18,21)(16,22,35)(20,38,33)(24,43,39)(31,32,40), ( 2,30,16)( 3,31,17)( 4,32,18)( 5,33,19)( 6,34,20)( 7,35,21)( 8,36,22)( 9,37,23)(10,38,24)(11,39,25)(12,40,26)(13,41,27)(14,42,28)(15,43,29), (), 
[ , false, true ]
time = 0.13284099999999999s
RC = 3

43:6 I = 2
[ 1, 2, 5 ], [ 1, 2, 40 ] ( 1,37,41,29, 6, 9)( 3,11,13,23,34,28)( 4,35,36,16,30,22)( 5,40,25,31, 7,32)( 8,21,17,14,19,18)(10,43,27,39,26,24)(12,33,42,20,15,38), ( 2,37,30,23,16, 9)( 3,38,31,24,17,10)( 4,39,32,25,18,11)( 5,40,33,26,19,12)( 6,41,34,27,20,13)( 7,42,35,28,21,14)( 8,43,36,29,22,15), (), 
[ , false, true ]
time = 0.073113999999999998s
RC = 3

43:7 I = 2
[ 1, 2, 3 ], [ 1, 2, 33 ] ( 1, 7, 3,33,24,18, 4)( 5,13,20,43,21,36,41)( 6,25,34,38,39,14,30)( 8,35,37,32,11,42,10)( 9,31,28,12,26,19,22)(15,27,17,16,29,40,23), ( 2,32,20, 8,38,26,14)( 3,33,21, 9,39,27,15)( 4,34,22,10,40,28,16)( 5,35,23,11,41,29,17)( 6,36,24,12,42,30,18)( 7,37,25,13,43,31,19), (), 
[ , false, true ]
time = 0.26914199999999999s
RC = 3

43:14 I = 2
[ 1, 2, 3 ], [ 1, 2, 15 ] ( 1,40, 3,15,24,17, 4,29, 7,23,33,27,18,16)( 5,28,20,26,21,22,41,31,13,12,43,19,36, 9)( 6,32,34,42,39, 8,30,37,25,11,38,10,14,35), ( 2,14,26,38, 8,20,32)( 3,15,27,39, 9,21,33)( 4,16,28,40,10,22,34)( 5,17,29,41,11,23,35)( 6,18,30,42,12,24,36)( 7,19,31,43,13,25,37), (), 
[ , false, true ]
time = 0.051055000000000003s
RC = 3

43:21 I = 2
[ 1, 2, 3 ], [ 1, 2, 5 ] ( 1,36,14,24,20,34, 7,41,30,18,43,38, 3, 5, 6, 4,21,39,33,13,25)( 8,27,12,11,40, 9,35,17,26,42,23,31,37,16,19,10,15,28,32,29,22), ( 2, 4, 6, 8,10,12,14,16,18,20,22,24,26,28,30,32,34,36,38,40,42)( 3, 5, 7, 9,11,13,15,17,19,21,23,25,27,29,31,33,35,37,39,41,43), (), 
[ , false, true ]
time = 0.050950000000000002s
RC = 3

AGL(1, 43) I = 2
[ 1, 2, 3 ], [ 1, 2, 4 ] ( 1,24, 7,18, 3, 4,33)( 5,21,13,36,20,41,43)( 6,39,25,14,34,30,38)( 8,11,35,42,37,10,32)( 9,26,31,19,28,22,12)(15,29,27,40,17,23,16), ( 2, 3, 4, 5, 6, 7, 8, 9,10,11,12,13,14,15,16,17,18,19,20,21,22,23,24,25,26,27,28,29,30,31,32,33,34,35,36,37,38,39,40,41,42,43), (), 
[ , false, true ]
time = 0.046141000000000001s
RC = 3

A(43)
RC = 42

S(43)
RC = 2

