PSL(2,43) I = 3
[ 1, 2, 3 ], [ 1, 2, 4 ] ( 1,11,32,10, 7,23,38)( 3, 4,21,24,14, 6,19)( 5,28,30,34,25,44,37)( 8,22,17,26,31,18,42)( 9,36,35,15,43,13,20)(16,41,39,27,33,29,40), ( 2,30,15,31,42,13,16,23,27,32,40,18,43,20, 8,14,12,26,17, 7,25,24, 3, 4,28,38, 5,33,35,29,41,22,39,19,11, 6,44,37,34,21,10,36, 9), (), 
[ 1, 2, 3, 4 ], [ 1, 2, 3, 6 ] ( 1,14,43,44,29,40,23)( 4, 6,27,11,34,26,42)( 5,12,36,39,15,37,10)( 7,20,18,32,31,24,30)( 8,41, 9,17,13,33,22)(16,21,38,35,25,19,28), ( 2,37,15,25,21,35, 8,42,31,19,44,39, 4, 6, 7, 5,22,40,34,14,26)( 9,28,13,12,41,10,36,18,27,43,24,32,38,17,20,11,16,29,33,30,23), ( 3, 5, 7, 9,11,13,15,17,19,21,23,25,27,29,31,33,35,37,39,41,43)( 4, 6, 8,10,12,14,16,18,20,22,24,26,28,30,32,34,36,38,40,42,44), (), 
[ , false, false, true ]
time = 0.080133999999999997s
RC = 4

PGL(2,43) I = 3
[ 1, 2, 3, 4 ], [ 1, 2, 3, 5 ] ( 1,25,33,20,27,36,40,38,17,30, 4, 5,44,16,41,31,26,37,14,19,22,18,11,39,23,35,13, 7, 6,12,29,21, 9,24,42,10,43,28, 8,32,34,15), ( 2,25, 8,19, 4, 5,34)( 6,22,14,37,21,42,44)( 7,40,26,15,35,31,39)( 9,12,36,43,38,11,33)(10,27,32,20,29,23,13)(16,30,28,41,18,24,17), ( 3, 4, 5, 6, 7, 8, 9,10,11,12,13,14,15,16,17,18,19,20,21,22,23,24,25,26,27,28,29,30,31,32,33,34,35,36,37,38,39,40,41,42,43,44), (), 
[ , true, false, true ]
time = 0.051832000000000003s
RC = 4

A(44)
RC = 43

S(44)
RC = 2

