PGL(2, 9) I = 4
[ 1, 2, 3 ], [ 1, 2, 22 ] ( 1, 7)( 3,22)( 4,14)( 5,13)( 6,23)(11,44)(12,17)(15,21)(16,19)(18,40)(20,29)(24,39)(25,28)(26,42)(27,35)(30,32)(33,36)(34,41)(37,38)(43,45), ( 2,11,35,20, 4,18,33,30)( 3,22, 7, 5, 6,13,31,23)( 8,36,29,24,45,19,12,37)( 9,17,39,15,25,32,42,40)(10,26,21,27,34,38,44,16)(14,43,28,41), (), 

 Timeout. Runtime = 60.000000999999997s
RC = fail

M(10) I = 4
[ 1, 2, 3 ], [ 1, 2, 6 ] ( 1,40,20,27, 4,36,11,32)( 3, 6,45,39,12,21,42,34)( 5,28,13,10,19,25,16, 8)( 7,35,44,18,14,30,29,33)( 9,37,31,38)(15,22,24,26,23,17,41,43), ( 2, 4)( 3, 6)( 5,23)( 7,31)( 8,45)( 9,25)(10,34)(11,18)(12,29)(13,22)(15,40)(16,27)(17,32)(19,36)(20,30)(21,44)(24,37)(26,38)(33,35)(39,42), (), 

 Timeout. Runtime = 60.000005000000002s
RC = fail

PGammaL(2, 9) I = 5
[ 1, 2, 3 ], [ 1, 2, 22 ] ( 1, 7)( 3,22)( 4,14)( 5,13)( 6,23)(11,44)(12,17)(15,21)(16,19)(18,40)(20,29)(24,39)(25,28)(26,42)(27,35)(30,32)(33,36)(34,41)(37,38)(43,45), ( 2,18, 4,11)( 3,22, 6,13)( 5, 7,23,31)( 8,38,45,26)( 9,32,25,17)(10,19,34,36)(12,16,29,27)(14,43)(15,42,40,39)(20,33,30,35)(21,24,44,37)(28,41), (), 
mem-limit

PSp(4, 3) I = 5
[ 1, 5, 15 ], [ 1, 5, 16 ] ( 1,17,22)( 2,11,18)( 3, 9, 8)( 4,27,12)( 6,15,16)( 7,21,24)(13,23,28)(19,26,25)(29,32,35)(30,33,39)(31,38,40)(34,42,44)(36,45,43), ( 2, 3,13,19)( 4, 6, 7,12)( 5,23,29,25)( 8,41,11,38)( 9,20,40,30)(10,32,43,26)(14,28,33,35)(15,16,42,17)(18,36,31,37)(21,24,22,44)(27,34)(39,45), (), 
[ 1, 2, 4, 7 ], [ 1, 2, 4, 13 ] ( 1, 7,13)( 3,24,23,34,32,29)( 5,18,11)( 6,37,20,45,16,43)( 8,12,21,41,39,40)( 9,22,17,44,26,33)(14,28,27,42,31,19)(15,36)(25,30,35), ( 2, 7,13)( 5,14, 8)( 6,19,12)(10,37,43)(11,24,31)(15,26,17)(16,41,30)(18,21,29)(20,25,42)(22,44,33)(23,38,32)(27,34,39)(28,35,40), ( 3,12, 6)( 4, 7,13)( 5,30,10,38,18,35)( 8,17,16,23,22,21)( 9,42,20,36,24,31)(11,25)(14,43,15,32,28,44)(26,40,41,33,37,29)(34,39,45), (), 

 Timeout. Runtime = 60.000028999999998s
RC = fail

PSp(4, 3):2 I = 6
[ 1, 5, 15 ], [ 1, 5, 16 ] ( 1,29,22,26,20, 7,38,27,31,28,37,30)( 2,34, 8,18,41,14)( 3,11,44, 9,10,42)( 4,15,16,32,23,21,35,45,43,12,19,33)( 6,40,36,17)(13,24,25,39), ( 2,13, 4, 7)( 3,39,12,45)( 5,31,17,40,38,20,22,37)( 6,27,19,34)( 8,26,42,35,23,33,24,10)( 9,32,30,28,36,14,18,43)(11,29,15,16,25,41,44,21), (), 
[ 1, 2, 8, 9 ], [ 1, 2, 8, 29 ] ( 1,35,11, 4,38,18)( 3,31,27, 9,29,22)( 5,13,25)( 6,21,17,15,24,12)( 7,30,10)(14,43,16)(19,44,23,26,34,28)(20,37,42)(32,39,45,40,33,36), ( 2,45,19, 4,34,12)( 3,13,27)( 5,43,25, 9,29,22)( 6, 7,39)(10,37,26,15,24,18)(11,36,41,17,38,28)(14,31,16)(20,21,32)(30,35,40,33,44,42), ( 3,19, 6)( 4,13, 7)( 5,11,10)( 8,40,15)( 9,29,16)(14,33,20)(17,43,42)(21,36,41)(22,28,24)(23,37,44)(25,35,38)(26,31,32)(27,45,34), (), 
[ 1, 2, 3, 5, 16 ], [ 1, 2, 3, 5, 17 ] ( 1,38)( 4,25)( 6,23)( 7,30)( 8, 9)(10,11)(12,32)(13,35)(15,27)(16,17)(19,36)(20,21)(22,26)(24,39)(28,31)(29,45)(33,37)(40,43)(41,44), ( 2,34)( 4,39,13,45, 7,27)( 6,12,19)( 8, 9,14)(10,42,11,44,18,41)(15,30,29,35,24,25)(16,17,33,31,28,37)(20,43,40,21,22,26)(23,36,32), ( 3,34)( 4,13, 7)( 6,27,12,45,19,39)( 8,42, 9,41,14,44)(10,11,18)(15,23,24,36,29,32)(16,17,28,37,33,31)(20,21,22,43,40,26)(25,30,35), ( 4, 7)( 5,38)( 6,12)( 8,23)( 9,32)(10,30)(11,25)(14,36)(15,42)(16,17)(18,35)(20,43)(21,22)(24,44)(26,40)(28,31)(29,41)(33,37)(39,45), (), 
mem-limit


A(10) I = 7
[ 1, 2, 5 ], [ 1, 2, 7 ] ( 1,13,29,23, 8, 5, 7,32,16, 3)( 4,12,35,38,15)( 6,26,24,28,19)( 9,27,14,30,11,43,45,20,18,22)(10,25)(17,21)(33,37)(34,44,39,40,36)(41,42), ( 2,12,25,40,29,19)( 3, 6,30,39,28,15)( 4, 8)( 5, 7,22,33,26,16)( 9,31,42,45,14,10)(11,17)(13,43,41,34,38,23)(20,37,35)(21,36,27,44,32,24), (), 

 Timeout. Runtime = 60.000003999999997s
RC = fail

S(10) I = 8
[ 1, 2, 5 ], [ 1, 2, 7 ] ( 1,13,25,32, 8,37)( 3,33, 5, 7,21,29)( 4,36,22,35,30,34)( 6,41,26)( 9,20,45,15,42,19)(10,16)(11,24,31,38,18,44)(12,43,27,28,39,40)(17,23), ( 2,12,17,26,25,19)( 3,36,18,34,30,44)( 4,33)( 5, 7,11,29,22,16)( 6,42,28,41,15,37)( 8,40)( 9,45,27,20,23,13)(10,35,31,38,21,24)(14,32,43), (), 

 Timeout. Runtime = 60.000008000000001s
RC = fail

A(45)
RC = 44

S(45)
RC = 2