C(47)
RC = 2

D(2*47) I = 2
[ , true, true ]
time = 9.9794820000000009s
RC = 2

47:23 I = 2
[ 1, 2, 3 ], [ 1, 2, 13 ] ( 1,43,33, 8, 6,11,30, 7,39, 9, 5,45,32,12,36,40,28,25,26,41,17,16,46)( 3,13,44,23,15,29,22,34,47,10,27,18,20,38,21,24,35,42, 4,31,37,19,14), ( 2,12,22,32,42, 6,16,26,36,46,10,20,30,40, 4,14,24,34,44, 8,18,28,38)( 3,13,23,33,43, 7,17,27,37,47,11,21,31,41, 5,15,25,35,45, 9,19,29,39), (), 
[ , false, true ]
time = 0.054531999999999997s
RC = 3

AGL(1, 47) I = 2
[ 1, 2, 3 ], [ 1, 2, 4 ] ( 1,26,12,39, 8,16,28,45,30,43,41,36, 9, 6,46,25,32, 7,33,17,40, 5,11)( 3, 4,38,47,23,19,35,18,22,13,31,21,10,15,14,42,20,34,44,37,24,27,29), ( 2, 3, 4, 5, 6, 7, 8, 9,10,11,12,13,14,15,16,17,18,19,20,21,22,23,24,25,26,27,28,29,30,31,32,33,34,35,36,37,38,39,40,41,42,43,44,45,46,47), (), 
[ , false, true ]
time = 0.045281000000000002s
RC = 3

A(47)
RC = 46

S(47)
RC = 2

