PSL(2,47) I = 3
[ 1, 2, 3 ], [ 1, 2, 4 ] ( 1,15,34,10,17,44,37,26,31,13,43, 3, 4,46,18,38,35,48,11,32,27, 7,36)( 5,21,29,19,42,30,47,16,20,12,23,14,24,22, 9,40, 8,33,45,39,25,28, 6), ( 2,39,11,13,29,40,31,25,47,33,12,46, 3, 4,43,14,19, 9, 5,38,30,45,18,44,21,41,22, 7,15,28,32,42,37,20,27,26,23,35,10,24,48, 8,17, 6,36,34,16), (), 
[ 1, 2, 3, 4 ], [ 1, 2, 3, 14 ] ( 1,19, 8,39,18,15,43,11,45,23,40,26,21,25,44,10,12,34,42,35,46, 5, 6)( 4,14,41,32,24,37,33,48,31,38,13, 7,30,28,27,36,16,22, 9,29,47,17,20), ( 2,44,34, 9, 7,12,31, 8,40,10, 6,46,33,13,37,41,29,26,27,42,18,17,47)( 4,14,45,24,16,30,23,35,48,11,28,19,21,39,22,25,36,43, 5,32,38,20,15), ( 3,13,23,33,43, 7,17,27,37,47,11,21,31,41, 5,15,25,35,45, 9,19,29,39)( 4,14,24,34,44, 8,18,28,38,48,12,22,32,42, 6,16,26,36,46,10,20,30,40), (), 
[ , false, false, true ]
time = 0.096294000000000005s
RC = 4

PGL(2,47) I = 3
[ 1, 2, 3, 4 ], [ 1, 2, 3, 5 ] ( 1,27,21,32,19,36,25,24, 8,16,44,37,39,22,10,33,18, 9,12,48,15,29,34,31,43,47,42,38,11,17,35,13,45,20,46, 7,23, 4, 5,30,40,14, 6,28,26,41), ( 2,27,13,40, 9,17,29,46,31,44,42,37,10, 7,47,26,33, 8,34,18,41, 6,12)( 4, 5,39,48,24,20,36,19,23,14,32,22,11,16,15,43,21,35,45,38,25,28,30), ( 3, 4, 5, 6, 7, 8, 9,10,11,12,13,14,15,16,17,18,19,20,21,22,23,24,25,26,27,28,29,30,31,32,33,34,35,36,37,38,39,40,41,42,43,44,45,46,47,48), (), 
[ , true, false, true ]
time = 0.050578999999999999s
RC = 4

A(48)
RC = 47

S(48)
RC = 2

