7^2:4 I = 2
[ 1, 2, 8 ], [ 1, 2, 29 ] ( 1,30, 4, 9)( 3,23, 5,44)( 6,16, 7,37)( 8,29,32,11)(10,22,33,46)(12,43,31,25)(13,15,35,39)(14,36,34,18)(17,28,40,48)(19,49,38,27)(20,21,42,41)(24,26,47,45), ( 2, 5)( 3, 6)( 4, 7)( 8,29)( 9,33)(10,34)(11,35)(12,30)(13,31)(14,32)(15,36)(16,40)(17,41)(18,42)(19,37)(20,38)(21,39)(22,43)(23,47)(24,48)(25,49)(26,44)(27,45)(28,46), (), 
[ , false, true ]
time = 0.29275600000000002s
RC = 3

7^2:S(3) I = 3
[ 1, 10, 18 ], [ 1, 10, 44 ] ( 1,34,42)( 2, 6,20)( 3,27,11)( 4,13,24)( 5,48,47)( 7,41,29)( 8,45,40)( 9,31,21)(12,38,43)(14,17,30)(15,16,37)(18,44,26)(19,23,46)(22,39,36)(25,32,28)(33,35,49), ( 2,33, 8)( 3,41,15)( 4,49,22)( 5, 9,29)( 6,17,36)( 7,25,43)(10,42,26)(11,47,12)(13,20,19)(14,24,40)(16,32,48)(18,44,34)(21,28,27)(23,30,35)(31,38,37)(39,46,45), (), 

 Timeout. Runtime = 300.00000999999997s
RC = fail

7^2:D(2*4) I = 3
[ 1, 10, 19 ], [ 1, 10, 37 ] ( 1,48,26,39)( 2,34,28,18)( 3,13,24,11)( 4, 6,27,25)( 5,41,22,46)( 7,20,23,32)( 8,45,12,38)( 9,31,14,17)(15,44,33,42)(16,30,35,21)(19,37,29,49)(36,43,47,40), ( 2, 5)( 3, 6)( 4, 7)( 8,29)( 9,33)(10,34)(11,35)(12,30)(13,31)(14,32)(15,36)(16,40)(17,41)(18,42)(19,37)(20,38)(21,39)(22,43)(23,47)(24,48)(25,49)(26,44)(27,45)(28,46), (), 

 Timeout. Runtime = 300.07399500000002s
RC = fail

7^2:Q(8) I = 2
[ 1, 2, 3 ], [ 1, 2, 15 ] ( 1,28, 4,48)( 3,15, 5,39)( 6,10, 7,33)( 8,31,32,12)( 9,40,30,17)(11,25,29,43)(13,44,35,23)(14,20,34,42)(16,46,37,22)(18,21,36,41)(19,24,38,47)(26,49,45,27), ( 2, 8, 5,29)( 3,15, 6,36)( 4,22, 7,43)( 9,12,33,30)(10,19,34,37)(11,26,35,44)(13,40,31,16)(14,47,32,23)(17,20,41,38)(18,27,42,45)(21,48,39,24)(25,28,49,46), (), 
[ , false, true ]
time = 0.16705100000000001s
RC = 3

7^2:8 I = 2
[ 1, 2, 8 ], [ 1, 2, 31 ] ( 1,34,15,30, 4,14,39, 9)( 3,25,10,23, 5,43,33,44)( 6,19,48,16, 7,38,28,37)( 8,31,24,22,32,12,47,46)(11,13,21,36,29,35,41,18)(17,26,49,42,40,45,27,20), ( 2,37, 5,19)( 3,45, 6,27)( 4,11, 7,35)( 8,31,29,13)( 9,20,33,38)(10,40,34,16)(12,25,30,49)(14,44,32,26)(15,39,36,21)(17,28,41,46)(18,48,42,24)(22,47,43,23), (), 
[ , false, true ]
time = 0.31018699999999999s
RC = 3

7^2:Q(12) I = 2
[ 1, 2, 3 ], [ 1, 2, 4 ] ( 1, 6, 5)( 3, 4, 7)( 8,27,40)( 9,23,37)(10,25,42)(11,28,38)(12,22,41)(13,26,36)(14,24,39)(15,34,47)(16,30,44)(17,32,49)(18,35,45)(19,29,48)(20,33,43)(21,31,46), ( 2, 3, 4, 5, 6, 7)( 8,43,36,29,22,15)( 9,45,39,33,27,21)(10,46,40,34,28,16)(11,47,41,35,23,17)(12,48,42,30,24,18)(13,49,37,31,25,19)(14,44,38,32,26,20), (), 
[ , false, true ]
time = 0.10981100000000001s
RC = 3

7^2:D(2*6) I = 3
[ 1, 10, 18 ], [ 1, 10, 26 ] ( 1,42,34)( 2,20, 6)( 3,11,27)( 4,24,13)( 5,47,48)( 7,29,41)( 8,40,45)( 9,21,31)(12,43,38)(14,30,17)(15,37,16)(18,26,44)(19,46,23)(22,36,39)(25,28,32)(33,49,35), ( 2, 9, 8, 5,33,29)( 3,17,15, 6,41,36)( 4,25,22, 7,49,43)(10,18,26,34,42,44)(11,23,12,35,47,30)(13,38,19,31,20,37)(14,48,40,32,24,16)(21,46,27,39,28,45), (), 

 Timeout. Runtime = 300.000001s
RC = fail

7^2:12 I = 2
[ 1, 2, 3 ], [ 1, 2, 4 ] ( 1, 6, 5)( 3, 4, 7)( 8,41,26)( 9,37,23)(10,39,28)(11,42,24)(12,36,27)(13,40,22)(14,38,25)(15,48,33)(16,44,30)(17,46,35)(18,49,31)(19,43,34)(20,47,29)(21,45,32), ( 2, 3, 4, 5, 6, 7)( 8,15,22,29,36,43)( 9,17,25,33,41,49)(10,18,26,34,42,44)(11,19,27,35,37,45)(12,20,28,30,38,46)(13,21,23,31,39,47)(14,16,24,32,40,48), (), 
[ , false, true ]
time = 0.082025000000000001s
RC = 3

7^2:D(2*8) I = 3

 Timeout. Runtime = 300.031477s
RC = fail

7^2:16 I = 2
[ 1, 2, 3 ], [ 1, 2, 13 ] ( 1,17, 4,40)( 3,13, 5,35)( 6,46, 7,22)( 8,43,32,25)( 9,28,30,48)(10,16,33,37)(11,31,29,12)(14,41,34,21)(15,23,39,44)(18,20,36,42)(19,45,38,26)(24,49,47,27), ( 2,47,14, 8,42,30, 9,27, 5,23,32,29,18,12,33,45)( 3,13,16,15,44,38,17,35, 6,31,40,36,26,20,41,11)( 4,21,24,22,10,46,25,37, 7,39,48,43,34,28,49,19), (), 
[ , false, true ]
time = 0.12944s
RC = 3

7^2:Q(16) I = 2
[ 1, 2, 3 ], [ 1, 2, 10 ] ( 1,15, 4,39)( 3,10, 5,33)( 6,48, 7,28)( 8,24,32,47)( 9,34,30,14)(11,21,29,41)(12,46,31,22)(13,36,35,18)(16,38,37,19)(17,49,40,27)(20,26,42,45)(23,43,44,25), ( 2,44, 5,26)( 3,10, 6,34)( 4,18, 7,42)( 8,30,29,12)( 9,39,33,21)(11,24,35,48)(13,49,31,25)(14,19,32,37)(15,38,36,20)(16,27,40,45)(17,47,41,23)(22,46,43,28), (), 
[ , false, true ]
time = 0.20203699999999999s
RC = 3

7^2:3 x D(2*3) I = 3
[ 1, 2, 3 ], [ 1, 2, 7 ] ( 1, 5, 6)( 3, 7, 4)( 8,12,13)(10,14,11)(15,19,20)(17,21,18)(22,26,27)(24,28,25)(29,33,34)(31,35,32)(36,40,41)(38,42,39)(43,47,48)(45,49,46), ( 2, 6, 4)( 3, 7, 5)( 9,13,11)(10,14,12)(16,20,18)(17,21,19)(23,27,25)(24,28,26)(30,34,32)(31,35,33)(37,41,39)(38,42,40)(44,48,46)(45,49,47), (), 

 Timeout. Runtime = 300.00000399999999s
RC = fail

7^2:3:D(2*4) I = 3
[ 1, 2, 3 ], [ 1, 2, 4 ] ( 1, 6, 5)( 3, 4, 7)( 8,27,40)( 9,23,37)(10,25,42)(11,28,38)(12,22,41)(13,26,36)(14,24,39)(15,34,47)(16,30,44)(17,32,49)(18,35,45)(19,29,48)(20,33,43)(21,31,46), ( 2, 3, 4, 5, 6, 7)( 8,22,36)( 9,24,39,12,27,42)(10,25,40,13,28,37)(11,26,41,14,23,38)(15,29,43)(16,31,46,19,34,49)(17,32,47,20,35,44)(18,33,48,21,30,45), (), 
[ , false, true, true ]
time = 170.12191999999999s
RC = 3

7^2:3 x D(2*4) I = 3
[ 1, 2, 3 ], [ 1, 2, 4 ] ( 1, 6, 5)( 3, 4, 7)( 8,41,26)( 9,37,23)(10,39,28)(11,42,24)(12,36,27)(13,40,22)(14,38,25)(15,48,33)(16,44,30)(17,46,35)(18,49,31)(19,43,34)(20,47,29)(21,45,32), ( 2, 3, 4, 5, 6, 7)( 8,36,22)( 9,38,25,12,41,28)(10,39,26,13,42,23)(11,40,27,14,37,24)(15,43,29)(16,45,32,19,48,35)(17,46,33,20,49,30)(18,47,34,21,44,31), (), 
[ , false, true, true ]
time = 168.876869s
RC = 3

7^2:24 I = 2
[ 1, 2, 3 ], [ 1, 2, 4 ] ( 1, 6, 5)( 3, 4, 7)( 8,41,26)( 9,37,23)(10,39,28)(11,42,24)(12,36,27)(13,40,22)(14,38,25)(15,48,33)(16,44,30)(17,46,35)(18,49,31)(19,43,34)(20,47,29)(21,45,32), ( 2, 3, 4, 5, 6, 7)( 8,15,22,29,36,43)( 9,17,25,33,41,49)(10,18,26,34,42,44)(11,19,27,35,37,45)(12,20,28,30,38,46)(13,21,23,31,39,47)(14,16,24,32,40,48), (), 
[ , false, true ]
time = 0.042179000000000001s
RC = 3

7^2:3 x Q(8) I = 2
[ 1, 2, 3 ], [ 1, 2, 4 ] ( 1, 6, 5)( 3, 4, 7)( 8,41,26)( 9,37,23)(10,39,28)(11,42,24)(12,36,27)(13,40,22)(14,38,25)(15,48,33)(16,44,30)(17,46,35)(18,49,31)(19,43,34)(20,47,29)(21,45,32), ( 2, 3, 4, 5, 6, 7)( 8,15,22,29,36,43)( 9,17,25,33,41,49)(10,18,26,34,42,44)(11,19,27,35,37,45)(12,20,28,30,38,46)(13,21,23,31,39,47)(14,16,24,32,40,48), (), 
[ , false, true ]
time = 0.046038999999999997s
RC = 3

7^2:Q(8):3 I = 3
[ 1, 2, 3 ], [ 1, 2, 14 ] ( 1,19, 4,38)( 3,14, 5,34)( 6,43, 7,25)( 8,10,32,33)( 9,49,30,27)(11,22,29,46)(12,37,31,16)(13,20,35,42)(15,41,39,21)(17,24,40,47)(18,44,36,23)(26,28,45,48), ( 2,48, 5,24)( 3,14, 6,32)( 4,16, 7,40)( 8,21,29,39)( 9,11,33,35)(10,38,34,20)(12,44,30,26)(13,22,31,43)(15,23,36,47)(17,19,41,37)(18,46,42,28)(25,27,49,45), (), 
[ , false, true, true ]
time = 168.68462s
RC = 3

7^2:Q(8):3 I = 2
[ 1, 2, 3 ], [ 1, 2, 4 ] ( 1, 6, 5)( 3, 4, 7)( 8,24,36)( 9,22,39)(10,23,40)(11,27,41)(12,26,42)(13,28,37)(14,25,38)(15,30,46)(16,35,48)(17,33,44)(18,32,47)(19,34,43)(20,31,45)(21,29,49), ( 2, 3, 4, 5, 6, 7)( 8,44,37,29,26,19)( 9,48,38,33,24,20)(10,45,36,34,27,15)(11,43,42,35,22,18)(12,49,40,30,25,16)(13,47,39,31,23,21)(14,46,41,32,28,17), (), 
[ , false, true ]
time = 0.049319000000000002s
RC = 3

7^2:Q(16):2 I = 3
[ 1, 2, 3 ], [ 1, 2, 13 ] ( 1,17, 4,40)( 3,13, 5,35)( 6,46, 7,22)( 8,43,32,25)( 9,28,30,48)(10,16,33,37)(11,31,29,12)(14,41,34,21)(15,23,39,44)(18,20,36,42)(19,45,38,26)(24,49,47,27), ( 2,47, 5,23)( 3,13, 6,31)( 4,21, 7,39)( 8, 9,29,33)(10,28,34,46)(11,40,35,16)(12,18,30,42)(14,45,32,27)(15,17,36,41)(19,48,37,24)(20,26,38,44)(22,25,43,49), (), 
[ , false, true, true ]
time = 98.516746999999995s
RC = 3

7^2:3 x Q(12) I = 3
[ 1, 2, 3 ], [ 1, 2, 4 ] ( 1, 6, 5)( 3, 4, 7)( 8,13,12)(10,11,14)(15,20,19)(17,18,21)(22,27,26)(24,25,28)(29,34,33)(31,32,35)(36,41,40)(38,39,42)(43,48,47)(45,46,49), ( 2, 3, 4, 5, 6, 7)( 8,29)( 9,31,11,33,13,35)(10,32,12,34,14,30)(15,36)(16,38,18,40,20,42)(17,39,19,41,21,37)(22,43)(23,45,25,47,27,49)(24,46,26,48,28,44), (), 
[ , false, true, true ]
time = 76.386763999999999s
RC = 3

7^2:3 x D(2*6) I = 3
[ 1, 2, 3 ], [ 1, 2, 4 ] ( 1, 6, 5)( 3, 4, 7)( 8,13,12)(10,11,14)(15,20,19)(17,18,21)(22,27,26)(24,25,28)(29,34,33)(31,32,35)(36,41,40)(38,39,42)(43,48,47)(45,46,49), ( 2, 3, 4, 5, 6, 7)( 8,29)( 9,31,11,33,13,35)(10,32,12,34,14,30)(15,36)(16,38,18,40,20,42)(17,39,19,41,21,37)(22,43)(23,45,25,47,27,49)(24,46,26,48,28,44), (), 
[ , false, true, true ]
time = 82.548479999999998s
RC = 3

7^2:(3 x Q(16)) I = 2
[ 1, 2, 3 ], [ 1, 2, 4 ] ( 1, 6, 5)( 3, 4, 7)( 8,41,26)( 9,37,23)(10,39,28)(11,42,24)(12,36,27)(13,40,22)(14,38,25)(15,48,33)(16,44,30)(17,46,35)(18,49,31)(19,43,34)(20,47,29)(21,45,32), ( 2, 3, 4, 5, 6, 7)( 8,15,22,29,36,43)( 9,17,25,33,41,49)(10,18,26,34,42,44)(11,19,27,35,37,45)(12,20,28,30,38,46)(13,21,23,31,39,47)(14,16,24,32,40,48), (), 
[ , false, true ]
time = 0.036783000000000003s
RC = 3

AGL(1, 49)=7^2:48 I = 2
[ 1, 2, 3 ], [ 1, 2, 4 ] ( 1, 6, 5)( 3, 4, 7)( 8,41,26)( 9,37,23)(10,39,28)(11,42,24)(12,36,27)(13,40,22)(14,38,25)(15,48,33)(16,44,30)(17,46,35)(18,49,31)(19,43,34)(20,47,29)(21,45,32), ( 2, 3, 4, 5, 6, 7)( 8,15,22,29,36,43)( 9,17,25,33,41,49)(10,18,26,34,42,44)(11,19,27,35,37,45)(12,20,28,30,38,46)(13,21,23,31,39,47)(14,16,24,32,40,48), (), 
[ , false, true ]
time = 0.039505999999999999s
RC = 3

7^2:3 x D(2*8) I = 3
[ 1, 2, 3 ], [ 1, 2, 4 ] ( 1, 6, 5)( 3, 4, 7)( 8,41,26)( 9,37,23)(10,39,28)(11,42,24)(12,36,27)(13,40,22)(14,38,25)(15,48,33)(16,44,30)(17,46,35)(18,49,31)(19,43,34)(20,47,29)(21,45,32), ( 2, 3, 4, 5, 6, 7)( 8,15,22,29,36,43)( 9,17,25,33,41,49)(10,18,26,34,42,44)(11,19,27,35,37,45)(12,20,28,30,38,46)(13,21,23,31,39,47)(14,16,24,32,40,48), (), 
[ , false, true, true ]
time = 48.098976999999998s
RC = 3

7^2:(Q(8)'D(2*3)) I = 2
[ 1, 2, 3 ], [ 1, 2, 4 ] ( 1, 6, 5)( 3, 4, 7)( 8,25,37)( 9,26,38)(10,22,36)(11,24,42)(12,28,40)(13,27,39)(14,23,41)(15,35,49)(16,32,43)(17,31,48)(18,33,46)(19,30,45)(20,29,47)(21,34,44), ( 2, 3, 4, 5, 6, 7)( 8,46,39,29,28,21)( 9,49,41,33,25,17)(10,48,37,34,24,19)(11,44,40,35,26,16)(12,47,36,30,23,15)(13,43,38,31,22,20)(14,45,42,32,27,18), (), 
[ , false, true ]
time = 0.038460000000000001s
RC = 3

(AGL(1, 7) x AGL(1, 7)):2 I = 3
[ 1, 2, 3 ], [ 1, 2, 4 ] ( 1, 6, 5)( 3, 4, 7)( 8,13,12)(10,11,14)(15,20,19)(17,18,21)(22,27,26)(24,25,28)(29,34,33)(31,32,35)(36,41,40)(38,39,42)(43,48,47)(45,46,49), ( 2, 3, 4, 5, 6, 7)( 9,10,11,12,13,14)(16,17,18,19,20,21)(23,24,25,26,27,28)(30,31,32,33,34,35)(37,38,39,40,41,42)(44,45,46,47,48,49), (), 
[ , false, true, true ]
time = 22.682068000000001s
RC = 3

7^2:3 x (Q(8):3) I = 3
[ 1, 2, 3 ], [ 1, 2, 4 ] ( 1, 6, 5)( 3, 4, 7)( 8,41,26)( 9,37,23)(10,39,28)(11,42,24)(12,36,27)(13,40,22)(14,38,25)(15,48,33)(16,44,30)(17,46,35)(18,49,31)(19,43,34)(20,47,29)(21,45,32), ( 2, 3, 4, 5, 6, 7)( 8,15,22,29,36,43)( 9,17,25,33,41,49)(10,18,26,34,42,44)(11,19,27,35,37,45)(12,20,28,30,38,46)(13,21,23,31,39,47)(14,16,24,32,40,48), (), 
[ , false, true, true ]
time = 22.063437s
RC = 3

AGammaL(1, 49) I = 3
[ 1, 2, 3 ], [ 1, 2, 4 ] ( 1, 6, 5)( 3, 4, 7)( 8,41,26)( 9,37,23)(10,39,28)(11,42,24)(12,36,27)(13,40,22)(14,38,25)(15,48,33)(16,44,30)(17,46,35)(18,49,31)(19,43,34)(20,47,29)(21,45,32), ( 2, 3, 4, 5, 6, 7)( 8,38,22,12,36,28)( 9,40,25,14,41,24)(10,42,26)(11,39,27,13,37,23)(15,46,29,20,43,30)(16,49,32,17,48,33)(18,44,34)(19,47,35,21,45,31), (), 
[ , false, true, true ]
time = 14.037853999999999s
RC = 3

7^2:((Q(8)'D(2*3)) x 3) I = 3
[ 1, 2, 3 ], [ 1, 2, 4 ] ( 1, 6, 5)( 3, 4, 7)( 8,41,26)( 9,37,23)(10,39,28)(11,42,24)(12,36,27)(13,40,22)(14,38,25)(15,48,33)(16,44,30)(17,46,35)(18,49,31)(19,43,34)(20,47,29)(21,45,32), ( 2, 3, 4, 5, 6, 7)( 8,15,22,29,36,43)( 9,17,25,33,41,49)(10,18,26,34,42,44)(11,19,27,35,37,45)(12,20,28,30,38,46)(13,21,23,31,39,47)(14,16,24,32,40,48), (), 
[ , false, true, true ]
time = 5.9215140000000002s
RC = 3

ASL(2, 7) I = 3
[ 1, 2, 3 ], [ 1, 2, 4 ] ( 1, 6, 5)( 3, 4, 7)( 8,27,40)( 9,23,37)(10,25,42)(11,28,38)(12,22,41)(13,26,36)(14,24,39)(15,34,47)(16,30,44)(17,32,49)(18,35,45)(19,29,48)(20,33,43)(21,31,46), ( 2, 3, 4, 5, 6, 7)( 8,48,41,29,24,17)( 9,43,40,33,22,16)(10,47,38,34,23,20)(11,45,37,35,27,19)(12,44,39,30,26,21)(13,46,42,31,28,18)(14,49,36,32,25,15), (), 
[ , false, true, true ]
time = 1.578938s
RC = 3

ASL(2, 7):2 I = 3
[ 1, 2, 3 ], [ 1, 2, 4 ] ( 1, 6, 5)( 3, 4, 7)( 8,47,38,31,22,16)( 9,45,42,34,27,17)(10,48,39,33,28,15)(11,43,36,35,23,21)(12,46,37,32,24,19)(13,44,41,29,25,18)(14,49,40,30,26,20), ( 2, 3, 4, 5, 6, 7)( 8,24,37, 9,26,38)(10,28,36,14,27,41)(11,25,42,12,22,40)(13,23,39)(15,32,45,17,34,46)(16,35,49,18,30,43)(19,33,44,20,29,48)(21,31,47), (), 
[ 1, 2, 8, 9 ], [ 1, 2, 8, 12 ] ( 1, 4)( 3, 5)( 6, 7)( 9,12)(10,13)(11,14)(15,17)(16,18)(19,20)(22,28)(23,27)(24,25)(29,34)(30,31)(33,35)(36,37)(38,42)(39,40)(43,47)(44,49)(46,48), ( 2, 5)( 3, 6)( 4, 7)( 9,12)(10,13)(11,14)(16,19)(17,20)(18,21)(23,26)(24,27)(25,28)(30,33)(31,34)(32,35)(37,40)(38,41)(39,42)(44,47)(45,48)(46,49), ( 8,14,10, 9,12,13,11)(15,16,18,17,20,21,19)(22,24,26,25,28,23,27)(29,32,34,33,30,31,35)(36,40,42,41,38,39,37)(43,48,44,49,46,47,45), (), 
[ , false, false, true ]
time = 0.44978200000000002s
RC = 4

ASL(2, 7):3 I = 3
[ 1, 2, 3 ], [ 1, 2, 4 ] ( 1, 6, 5)( 3, 4, 7)( 8,41,26)( 9,37,23)(10,39,28)(11,42,24)(12,36,27)(13,40,22)(14,38,25)(15,48,33)(16,44,30)(17,46,35)(18,49,31)(19,43,34)(20,47,29)(21,45,32), ( 2, 3, 4, 5, 6, 7)( 8,15,22,29,36,43)( 9,17,25,33,41,49)(10,18,26,34,42,44)(11,19,27,35,37,45)(12,20,28,30,38,46)(13,21,23,31,39,47)(14,16,24,32,40,48), (), 
[ 1, 2, 8, 9 ], [ 1, 2, 8, 11 ] ( 1, 5, 6)( 3, 7, 4)( 9,11,13)(10,12,14)(15,18,19)(16,20,17)(22,23,24)(25,28,27)(29,35,30)(31,34,33)(36,38,39)(37,42,40)(43,48,49)(44,47,46), ( 2, 4, 6)( 3, 5, 7)( 9,11,13)(10,12,14)(16,18,20)(17,19,21)(23,25,27)(24,26,28)(30,32,34)(31,33,35)(37,39,41)(38,40,42)(44,46,48)(45,47,49), ( 8, 9,11,10,13,14,12)(15,17,19,18,21,16,20)(22,25,27,26,23,24,28)(29,33,35,34,31,32,30)(36,41,37,42,39,40,38)(43,49,45,44,47,48,46), (), 
[ , false, false, true ]
time = 0.20829900000000001s
RC = 4

AGL(2, 7) I = 3
[ 1, 2, 3 ], [ 1, 2, 4 ] ( 1, 6, 5)( 3, 4, 7)( 8,41,26)( 9,37,23)(10,39,28)(11,42,24)(12,36,27)(13,40,22)(14,38,25)(15,48,33)(16,44,30)(17,46,35)(18,49,31)(19,43,34)(20,47,29)(21,45,32), ( 2, 3, 4, 5, 6, 7)( 8,15,22,29,36,43)( 9,17,25,33,41,49)(10,18,26,34,42,44)(11,19,27,35,37,45)(12,20,28,30,38,46)(13,21,23,31,39,47)(14,16,24,32,40,48), (), 
[ 1, 2, 8, 9 ], [ 1, 2, 8, 10 ] ( 1, 7, 5, 4, 6, 3)( 9,10,11,12,13,14)(15,20,18,17,19,16)(22,25,23,28,24,27)(29,31,35,34,30,33)(36,40,38,37,39,42)(43,44,48,47,49,46), ( 2, 3, 4, 5, 6, 7)( 9,10,11,12,13,14)(16,17,18,19,20,21)(23,24,25,26,27,28)(30,31,32,33,34,35)(37,38,39,40,41,42)(44,45,46,47,48,49), ( 8,11,13,12, 9,10,14)(15,19,21,20,17,18,16)(22,27,23,28,25,26,24)(29,35,31,30,33,34,32)(36,37,39,38,41,42,40)(43,45,47,46,49,44,48), (), 
[ , false, false, true ]
time = 0.18495300000000001s
RC = 4

(PSL(3, 2) x PSL(3, 2)):2 I = 5
[ 1, 2, 3 ], [ 1, 2, 4 ] ( 1, 7, 5)( 3, 4, 6)( 8,42,47)( 9,37,44)(10,39,48)(11,41,45)(12,36,49)(13,38,46)(14,40,43)(15,28,33)(16,23,30)(17,25,34)(18,27,31)(19,22,35)(20,24,32)(21,26,29), ( 2, 3, 4, 7)( 5, 6)( 9,10,11,14)(12,13)(16,17,18,21)(19,20)(23,24,25,28)(26,27)(30,31,32,35)(33,34)(37,38,39,42)(40,41)(44,45,46,49)(47,48), (), 
[ 1, 2, 10, 13 ], [ 1, 2, 10, 17 ] ( 1,37, 7,44)( 3, 9)( 4,30, 6,16)( 5,23)( 8,38,14,45)(11,31,13,17)(12,24)(15,39,35,48)(18,32,34,20)(19,25,33,27)(21,46,29,41)(22,40,28,47)(36,42,49,43), ( 2,36)( 3, 8)( 4,29)( 5,43)( 6,15)( 7,22)( 9,38)(11,31)(12,45)(13,17)(14,24)(16,41)(18,34)(19,48)(21,27)(23,42)(25,35)(26,49)(30,39)(33,46)(40,44), ( 3, 6)( 5, 7)( 8,15)( 9,16)(10,20)(11,18)(12,21)(13,17)(14,19)(22,43)(23,44)(24,48)(25,46)(26,49)(27,45)(28,47)(31,34)(33,35)(38,41)(40,42), (), 

 Timeout. Runtime = 300.00000399999999s
RC = fail

(A(7) x A(7)):2 I = 9
[ 1, 2, 10, 11 ], [ 1, 2, 10, 17 ] ( 1,44, 7,30)( 3, 9)( 4,16)( 5,37, 6,23)( 8,45,14,31)(11,17)(12,38,13,24)(15,46,21,32)(19,39,20,25)(22,47,42,34)(26,40,41,27)(28,33,36,48)(29,43,49,35), ( 2,36, 4,15, 7,29, 5,43, 6,22)( 3, 8)( 9,38,11,17,14,31,12,45,13,24)(16,42,32,19,49,34,26,44,41,25)(18,21,35,33,47,48,27,23,37,39)(20,28,30,40,46), ( 3, 7, 4)( 8,15,36,22,43)( 9,16,37,23,44)(10,21,39,24,49,11,17,42,25,45,14,18,38,28,46)(12,19,40,26,47)(13,20,41,27,48)(31,35,32), (), 
[ 1, 2, 3, 4, 5, 6 ], [ 1, 2, 3, 4, 5, 7 ] ( 1, 6, 7)( 8,13,14)(15,20,21)(22,27,28)(29,34,35)(36,41,42)(43,48,49), ( 2, 6, 7)( 9,13,14)(16,20,21)(23,27,28)(30,34,35)(37,41,42)(44,48,49), ( 3, 6, 7)(10,13,14)(17,20,21)(24,27,28)(31,34,35)(38,41,42)(45,48,49), ( 4, 6, 7)(11,13,14)(18,20,21)(25,27,28)(32,34,35)(39,41,42)(46,48,49), ( 5, 6, 7)(12,13,14)(19,20,21)(26,27,28)(33,34,35)(40,41,42)(47,48,49), (), 
mem limit

(A(7) x A(7)):2^2
no I

(A(7) x A(7)):4
no I

(S(7) x S(7)):2
no I

A(49)
RC = 48

S(49)
RC = 2
