PSU(3, 5) I = 6
[ 1, 9, 10 ], [ 1, 9, 44 ] ( 1,34,21,25,16,11,40)( 2,27,23, 5,31,47,12)( 3,45, 4,13,17,15,14)( 6,42,32,46,39,33, 7)( 8,29,50,43,37,24,49)(10,44,19,22,28,41,36)(18,20,48,30,38,35,26), ( 2, 8, 3, 7, 5, 4, 6)( 9,19,43,23,28,37,18)(10,44,13,42,30,14,34)(11,39,22,20,36,12,47)(15,32,50,46,17,40,31)(16,45,49,38,25,21,33)(24,29,35,27,48,26,41), (), 
[ 1, 2, 9, 11 ], [ 1, 2, 9, 14 ] ( 1,12)( 3,40)( 4,47)( 5,36)( 6,25)( 7,26)( 8,29)(11,14)(13,33)(15,35)(16,27)(17,23)(19,45)(20,31)(22,38)(28,41)(30,48)(34,46)(37,43)(39,44), ( 2, 3, 4, 6, 7)(10,19,15,35,38)(11,14,36,42,18)(12,26,28,33,40)(13,20,34,41,27)(16,17,21,32,39)(22,31,30,23,25)(29,37,43,50,49)(44,48,46,45,47), ( 3, 4, 8, 6, 7)( 9,36,42,11,14)(10,27,16,50,12)(13,29,48,34,39)(15,44,37,38,26)(17,21,47,35,43)(19,28,45,32,41)(20,46,33,40,49)(22,25,30,23,31), (), 
mem-limit

PSU(3, 5):2 I = 7
[ 1, 9, 10 ], [ 1, 9, 44 ] ( 1,41,25, 2,30,32)( 3,47,15,27,33,39)( 4,20,46,16,17,21)( 5,18)( 6, 7,13,12,10,44)( 8,37,43,50,29,49)(14,36,42)(19,31,45,23,28,22)(26,35,38,34,40,48), ( 2, 8, 4, 7, 5, 3, 6)( 9,21,41,22,11,36,16)(10,44,28,40,25,19,34)(12,46,29,42,30,26,33)(13,35,27,48,14,43,23)(15,38,31,49,32,18,45)(17,37,50,47,20,39,24), (), 
[ 1, 9, 10, 11 ], [ 1, 9, 10, 13 ] ( 1,11,13,26)( 2,15,48,42)( 4,39,34,12)( 5,33,41,44)( 6,47,14,22)( 7,27,25,28)( 8,24,50,37)(16,45,36,21)(18,38,23,46)(20,32,31,40), ( 4, 8, 5, 6)( 9,31,32,20)(11,13,17,19)(14,45,23,33)(15,48,30,35)(16,18,27,50)(21,46,24,34)(22,37,28,44)(25,36,29,47)(38,39,41,43), ( 2, 7, 6, 5)(10,40,32,31)(11,13,17,26)(12,39,34,30)(14,21,28,15)(16,42,33,25)(18,38,35,23)(22,27,41,36)(24,50,43,37)(44,47,48,45), (), 
[ 1, 2, 9, 11, 14 ], [ 1, 2, 9, 11, 36 ] ( 1,10,16,12)( 3,15,39,47)( 4,48,31,26)( 5,42,14,36)( 6,30,46,40)( 7,35,17,25)( 8,49,37,29)(13,38,22,21)(19,45,32,41)(20,23,34,44), ( 2, 7, 4, 6)(10,40,20,32)(12,41,21,35)(13,17,19,26)(14,36,18,42)(15,33,27,39)(16,38,28,34)(22,25,30,23)(29,37,50,43)(44,48,45,46), ( 4, 6, 7, 8)( 9,14,36,42)(10,50,16,12)(13,17,26,49)(15,33,39,47)(20,34,43,44)(21,37,40,48)(22,31,25,30)(28,32,41,45)(29,35,38,46), ( 3, 7)( 4, 6)(10,27)(11,42)(12,16)(13,38)(14,36)(15,34)(17,40)(19,41)(20,35)(21,33)(23,30)(25,31)(26,39)(28,32)(29,37)(43,49)(44,48)(46,47), (), 
mem-limit

PSL(2, 49) I = 3
[ 1, 2, 3 ], [ 1, 2, 10 ] ( 1,15,38,21)( 3,10,34,25)( 4,36,24, 5)( 6,45, 9,42)( 7,40,33,31)( 8,47,46,27)(11,44,20,18)(12,28,14,16)(13,29,43,30)(17,41,48,26)(19,22,32,50)
(23,39,35,37), ( 2,20,48,32, 9,29, 3,10)( 4,42,33,50,15,13,44,24)( 5, 6,11,26,14,27,21,18)( 7,35,46,38,45,19,39,16)( 8,17,36,12,31,40,23,25)(22,37,49,43,30,34,28,41), (), 
[ 1, 2, 3, 4 ], [ 1, 2, 3, 5 ] ( 1, 7)( 4, 5)( 6,50)( 8,11)( 9,29)(10,32)(12,47)(13,41)(14,49)(15,24)(16,35)(17,33)(18,23)(19,21)(20,48)(22,44)(25,45)(26,38)(27,34)(28,37)(30,39)
(31,36)(40,42)(43,46), ( 2, 6, 7,50, 4, 5)( 8,41,27,26,40,10)( 9,21,39,44,42,18)(11,14,25,29,31,28)(12,15,30,17,13,37)(16,47,36,23,38,48)(19,45,43,20,34,33)(22,24,35,46,49,
 32), ( 3,50, 7)( 4, 5, 6)( 8,47, 9)(10,21,22)(11,13,26)(12,44,43)(14,23,17)(15,32,39)(16,41,34)(18,36,25)(19,31,35)(20,27,37)(24,28,40)(29,45,42)(30,38,49)
(33,46,48), (), 
[ , false, false, true ]
time = 0.081711000000000006s
RC = 4

PGL(2, 49) I = 3
[ 1, 2, 3, 4 ], [ 1, 2, 3, 5 ] ( 1, 7)( 4, 5)( 6,50)( 8,11)( 9,29)(10,32)(12,47)(13,41)(14,49)(15,24)(16,35)(17,33)(18,23)(19,21)(20,48)(22,44)(25,45)(26,38)(27,34)(28,37)(30,39)
(31,36)(40,42)(43,46), ( 2, 6, 7,50, 4, 5)( 8,41,27,26,40,10)( 9,21,39,44,42,18)(11,14,25,29,31,28)(12,15,30,17,13,37)(16,47,36,23,38,48)(19,45,43,20,34,33)(22,24,35,46,49,
 32), ( 3,50, 7)( 4, 5, 6)( 8,47, 9)(10,21,22)(11,13,26)(12,44,43)(14,23,17)(15,32,39)(16,41,34)(18,36,25)(19,31,35)(20,27,37)(24,28,40)(29,45,42)(30,38,49)
(33,46,48), (), 
[ , true, false, true ]
time = 0.046209s
RC = 4

PSigmaL(2, 49) I = 4
[ 1, 2, 3 ], [ 1, 2, 10 ] ( 1, 9,36, 5,32,40,30,11)( 3,10,15,14,43,44,16, 7)( 4,20,45,28,37,12,50,29)( 6,48,19,33,35,24,23,21)( 8,22,49,42,27,18,17,13)(25,46,47,34,26,31,38,41), ( 2, 7,12,11)( 3,10,19,46)( 4,45,38,33)( 5,32,41,48)( 6,47,18,13)( 8,30,15,35)( 9,34,37,20)(14,17,42,31)(16,29,21,36)(22,26,50,25)(23,24,27,28)
(39,44,49,40), (), 
[ 1, 2, 3, 4 ], [ 1, 2, 3, 5 ] ( 1, 7)( 4, 5)( 6,50)( 8,11)( 9,29)(10,32)(12,47)(13,41)(14,49)(15,24)(16,35)(17,33)(18,23)(19,21)(20,48)(22,44)(25,45)(26,38)(27,34)(28,37)(30,39)
(31,36)(40,42)(43,46), ( 2, 6, 7,50, 4, 5)( 8,41,27,26,40,10)( 9,21,39,44,42,18)(11,14,25,29,31,28)(12,15,30,17,13,37)(16,47,36,23,38,48)(19,45,43,20,34,33)(22,24,35,46,49,
 32), ( 3,50, 7)( 4, 5, 6)( 8,47, 9)(10,21,22)(11,13,26)(12,44,43)(14,23,17)(15,32,39)(16,41,34)(18,36,25)(19,31,35)(20,27,37)(24,28,40)(29,45,42)(30,38,49)
(33,46,48), (), 
[ , false, false, true, true ]
time = 32.412030000000001s
RC = 4

PSL(2, 49).2_3 I = 3
[ 1, 2, 3, 4 ], [ 1, 2, 3, 5 ] ( 1, 7)( 4, 5)( 6,50)( 8,11)( 9,29)(10,32)(12,47)(13,41)(14,49)(15,24)(16,35)(17,33)(18,23)(19,21)(20,48)(22,44)(25,45)(26,38)(27,34)(28,37)(30,39)
(31,36)(40,42)(43,46), ( 2, 6, 7,50, 4, 5)( 8,41,27,26,40,10)( 9,21,39,44,42,18)(11,14,25,29,31,28)(12,15,30,17,13,37)(16,47,36,23,38,48)(19,45,43,20,34,33)(22,24,35,46,49,
 32), ( 3,50, 7)( 4, 5, 6)( 8,47, 9)(10,21,22)(11,13,26)(12,44,43)(14,23,17)(15,32,39)(16,41,34)(18,36,25)(19,31,35)(20,27,37)(24,28,40)(29,45,42)(30,38,49)
(33,46,48), (), 
[ , true, false, true ]
time = 0.050180000000000002s
RC = 4

PGammaL(2, 49) I = 4
[ 1, 2, 3, 4 ], [ 1, 2, 3, 5 ] ( 1, 7)( 4, 5)( 6,50)( 8,11)( 9,29)(10,32)(12,47)(13,41)(14,49)(15,24)(16,35)(17,33)(18,23)(19,21)(20,48)(22,44)(25,45)(26,38)(27,34)(28,37)(30,39)
(31,36)(40,42)(43,46), ( 2, 6, 7,50, 4, 5)( 8,41,27,26,40,10)( 9,21,39,44,42,18)(11,14,25,29,31,28)(12,15,30,17,13,37)(16,47,36,23,38,48)(19,45,43,20,34,33)(22,24,35,46,49,
 32), ( 3,50, 7)( 4, 5, 6)( 8,47, 9)(10,21,22)(11,13,26)(12,44,43)(14,23,17)(15,32,39)(16,41,34)(18,36,25)(19,31,35)(20,27,37)(24,28,40)(29,45,42)(30,38,49)
(33,46,48), (), 
[ , true, false, true, true ]
time = 8.9659840000000006s
RC = 4

A(50)
RC = 49

S(50)
RC = 2

