C(53)
RC = 2

D(2*53) I = 2
[ , true, true ]
time = 7.430752s
RC = 2

53:4 I = 2
[ 1, 2, 15 ], [ 1, 2, 41 ] ( 1,22, 3,35)( 4,40,29,12)( 5,28,46,19)( 6,53,43,18)( 7,15,41,44)( 8,38,10,39)( 9,23,25,16)(11,17,51,47)(13,32,33,37)(14,45,52,49)(20,31,30,50)(21,26,24,34)(27,36,48,42), ( 2,28)( 3,29)( 4,30)( 5,31)( 6,32)( 7,33)( 8,34)( 9,35)(10,36)(11,37)(12,38)(13,39)(14,40)(15,41)(16,42)(17,43)(18,44)(19,45)(20,46)(21,47)(22,48)(23,49)(24,50)(25,51)(26,52)(27,53), (), 
[ , false, true ]
time = 0.21441199999999999s
RC = 3

53:13 I = 2
[ 1, 2, 3 ], [ 1, 2, 23 ] ( 1,16,37,49,15,43,40,10, 5,21,47,27,50)( 3,23,32,45,44, 6,12, 8,46,24,17,48,31)( 4,38,19,34,51,42,30,35,25,33,52, 7,53)( 9,13,14,41,18,29,39,28,26,11,36,20,22), ( 2,22,42,10,30,50,18,38, 6,26,46,14,34)( 3,23,43,11,31,51,19,39, 7,27,47,15,35)( 4,24,44,12,32,52,20,40, 8,28,48,16,36)( 5,25,45,13,33,53,21,41, 9,29,49,17,37), (), 
[ , false, true ]
time = 0.067999000000000004s
RC = 3

53:26 I = 2
[ 1, 2, 3 ], [ 1, 2, 5 ] ( 1,46,49,48,40,23,21,44,50, 8,37,17,43, 3, 5,45,27,12,16,24,15,31,10,32,47, 6)( 4, 9,34,41,30,39,33,11,53,22,19,14,42,29,25,26, 7,20,38,13,51,18,35,28,52,36), ( 2, 4, 6, 8,10,12,14,16,18,20,22,24,26,28,30,32,34,36,38,40,42,44,46,48,50,52)( 3, 5, 7, 9,11,13,15,17,19,21,23,25,27,29,31,33,35,37,39,41,43,45,47,49,51,53), (), 
[ , false, true ]
time = 0.051969000000000001s
RC = 3

AGL(1, 53) I = 2
[ 1, 2, 3 ], [ 1, 2, 4 ] ( 1,29,31,53,27,41,17,52,21,13,46,25,10,22,12,30,43,36,44,51,49,26,32,19,16,39, 3, 4,50,18,48, 7,47,14,24,33, 5, 9, 8,35,40,20, 6,42,15,11,45,34,37,28,23,38), ( 2, 3, 4, 5, 6, 7, 8, 9,10,11,12,13,14,15,16,17,18,19,20,21,22,23,24,25,26,27,28,29,30,31,32,33,34,35,36,37,38,39,40,41,42,43,44,45,46,47,48,49,50,51,52,53), (), 
[ , false, true ]
time = 0.046919000000000002s
RC = 3

A(53)
RC = 52

S(53)
RC = 2

