PSL(2, 11) I = 3
[ 1, 2, 7 ], [ 1, 2, 10 ] ( 1,43,53)( 3,28,20)( 4,49, 9)( 5,26,37)( 6,34,27)( 7,10,33)( 8,50,23)(11,30,38)(12,25,17)(13,39,24)(14,55,45)(15,40,52)(16,51,35)(18,22,31)(19,44,21)(29,36,32)(41,46,42)(47,48,54), ( 2,33)( 3, 5)( 4,44)( 7,10)( 8,42)( 9,23)(11,16)(12,30)(13,37)(14,20)(15,17)(18,53)(19,46)(21,50)(24,28)(25,35)(26,45)(27,48)(31,43)(34,47)(38,52)(39,55)(40,51)(41,49), (), 

 Timeout. Runtime = 300.000001s
RC = fail

PGL(2, 11) I = 3
[ 1, 2, 4 ], [ 1, 2, 9 ] ( 1,53,43)( 3,20,28)( 4, 9,49)( 5,37,26)( 6,27,34)( 7,33,10)( 8,23,50)(11,38,30)(12,17,25)(13,24,39)(14,45,55)(15,52,40)(16,35,51)(18,31,22)(19,21,44)(29,32,36)(41,42,46)(47,54,48), ( 2,24,32,28,33,37,52,42,22, 8,38,13)( 3,19,43,53,21,50,18,31,46, 5,10, 7)( 4, 9,16,47,54,34,11,23,44,20,36,14)( 6,12,55,29,39,30)(15,26,41,40,51,49,45,17,25,27,48,35), (), 
[ , false, true, true ]
time = 166.439808s
RC = 3

PGL(2, 11) I = 3
[ 1, 2, 3 ], [ 1, 2, 4 ] ( 1, 9)( 3, 4)( 5,11)( 6,46)( 7, 8)(10,48)(12,53)(13,49)(14,50)(15,45)(16,47)(17,40)(18,41)(19,55)(20,28)(21,37)(23,25)(24,38)(26,31)(30,54)(33,43)(34,42)(35,39)(36,51)(44,52), ( 2, 5,22,11)( 3, 4, 8, 7)( 6,34,28,31)(10,21,35,19)(12,23,45,49)(13,15,25,53)(14,29,50,27)(16,18,40,52)(17,41,47,44)(20,42,46,26)(24,30,43,51)(33,54,38,36)(37,48,55,39), (), 
[ 1, 6, 14, 25 ], [ 1, 6, 14, 52 ] ( 1,19)( 2,15)( 3,29)( 4,17)( 5,31)( 7,51)( 8,13)( 9,41)(10,34)(11,55)(12,44)(16,48)(18,38)(20,53)(21,50)(22,43)(23,35)(24,54)(25,52)(26,28)(27,33)(30,39)(32,42)(36,46)(37,49)(40,47), ( 2,48)( 3,33)( 4,36)( 5,37)( 6,45)( 7,54)( 8,38)( 9,32)(10,35)(11,55)(12,28)(13,18)(15,16)(17,46)(20,47)(22,39)(23,34)(24,51)(25,52)(26,44)(27,29)(30,43)(31,49)(40,53)(41,42), ( 2,47)( 3,44)( 4,11)( 5,33)( 7,39)( 8,20)( 9,24)(10,21)(12,29)(13,53)(14,45)(15,40)(16,18)(17,55)(22,42)(25,52)(26,37)(27,31)(28,49)(30,51)(32,43)(34,50)(36,46)(38,48)(41,54), (), 
[ , false, false, true ]
time = 128.54942s
RC = 4

M(11) I = 3
[ 1, 2, 3 ], [ 1, 2, 4 ] ( 1, 8, 6, 7)( 3, 4,38,41)( 5,13,30,22)( 9,23,34,49)(10,20)(11,26)(12,35,31,24)(14,40,51,28)(15,29,39,36)(16,53,48,18)(17,25,19,43)(21,45,33,42)(27,37,50,55)(32,52,47,54), ( 2,35,15,29,39,24,44,12)( 3, 4,43,17,52, 5,13,54)( 6,14,11,33)( 7, 8,42,55,19,38,53,28)( 9,51,48,10,50,21,49,46)(16,41,32,25,27,37,20,18)(22,47,30,34,45,26,40,23)(31,36), (), 
[ 1, 2, 12, 26 ], [ 1, 2, 12, 32 ] ( 1,45,38,23)( 3,52,18,20)( 4, 9,26,32)( 5,54)( 6,49,53,55)( 7,47,16,33)( 8,10,13,50)(11,37,30,42)(14,28,19,51)(15,39,29,24)(17,25,40,46)(21,48,34,22)(27,41)(31,36,44,35), ( 2,15)( 3, 7)( 4,55)( 5,28)( 8,17)( 9,49)(10,46)(13,42)(14,33)(16,23)(18,45)(19,52)(20,47)(22,25)(24,35)(26,32)(27,34)(30,41)(31,36)(37,40)(38,54)(39,44)(43,53)(48,50), ( 3,11)( 4, 9)( 6,53)( 7,21)( 8,50)(10,13)(12,43)(14,39)(15,28)(16,34)(17,44)(18,30)(19,24)(20,37)(22,47)(23,45)(25,36)(26,32)(27,41)(29,51)(31,40)(33,48)(35,46)(42,52), (), 
[ , false, false, true ]
time = 2.3236300000000001s
RC = 4

Alt(11) I = 8
[ 1, 3, 19 ], [ 1, 3, 44 ] ( 1,50,30,51)( 2,29,18,42)( 4,16, 9,27)( 5,20)( 6,39)( 7,22,13,34)( 8,24)(10,47)(11,45,43,31)(14,48)(19,44,49,32)(25,53,52,46)(35,37)(36,54,38,55), ( 2,29,22,13,51,50)( 3,43,48,20,47,45)( 4,33,16,40, 9, 6)( 5,14,31,41,11,10)( 7,18,32)( 8,25,23,53,17,52)(19,44,49,42,30,34)(24,46)(26,54,28,38,37,36)(27,39)(35,55), (), 

 Timeout. Runtime = 300.00000999999997s
RC = fail

Sym(11) I = 9
[ 1, 11, 16 ], [ 1, 11, 46 ] ( 1,23,20,42,55,31,30,37,16,46,25,33,40,14,52,19,47,43)( 2,50,10,15, 3,39,49,17, 5)( 4,12,48,21,53,24,45,28,27)( 6,26,38,18,34,22,44,54,13)( 7,32,36, 9,29,51, 8,41,35), ( 2,28,37,48,34,50,13,39,14)( 3,53, 5,12,21,24,43,42, 4)( 6,10,33,44,35,26,31,22,17)( 7,54,29, 8,19,32,23,51, 9)(11,49,25,45,52,27,55,15,16,46,40,18,47,41,20,36,30,38), (), 

 Timeout. Runtime = 300.00000799999998s
RC = fail

A(55)
RC = 54

S(55)
RC = 2

