PSL(3, 4) I = 4
[ 1, 2, 3 ], [ 1, 2, 5 ] ( 1,28,15,45,46)( 3, 5,27, 9, 4)( 6,38,17,31,50)( 7,37,19,12,53)( 8,33,29,34,49)(10,11,32,24,51)(13,52,43,18,25)(14,40,47,54,36)(16,22,30,41,39)(20,48,56,21,26)(23,44,55,42,35), ( 2,33,44,48,34)( 3, 5,45,22,23)( 4,15,50,56,38)( 6,42,24,16,51)( 7,11,43,37,40)( 8,47,46,13,25)( 9,21,28,14,18)(10,19,20,52,30)(12,27,55,17,32)(26,39,54,53,49)(29,41,35,31,36), (), 
[ 1, 2, 3, 9 ], [ 1, 2, 3, 42 ] ( 1,50,54,13)( 4,40,53,41)( 5,30,12,31)( 6,21,18, 7)( 8,29,49,32)( 9,42,26,46)(10,51,34,33)(14,28,23,38)(15,48,43,27)(16,47,45,17)(19,55,56,36)(20,37)(22,35,52,39)(25,44), ( 2,54)( 4,25)( 5, 8)( 6,44)( 7,27)( 9,42)(10,15)(12,55)(13,26)(14,56)(16,52)(19,31)(20,38)(21,51)(22,39)(23,30)(24,47)(32,37)(33,48)(34,41)(35,45)(36,49)(40,43)(46,50), ( 3,46,54,26)( 4,20, 6,28)( 5,36,35,52)( 7,37,40,17)( 8,51,34,49)( 9,42,13,50)(10,29,33,24)(12,43,27,55)(14,21,18,16)(15,25,22,19)(23,45,53,41)(30,56)(31,39,44,48)(38,47), (), 

 Timeout. Runtime = 300.000001s
RC = fail

PSL(3, 4).2_3 I = 4
[ 1, 2, 3 ], [ 1, 2, 5 ] ( 1, 6,47,46)( 3, 5,12,21)( 4,26)( 8,24,51,29)( 9,20,19,27)(10,11,32,33)(13,36,41,25)(14,17,22,30)(15,18,39,23)(16,31,42,35)(28,44,55,50)(34,49)(37,48,56,53)(38,40)(43,45,54,52), ( 2, 4,47,46)( 3, 5, 8,15)( 6,26)( 7,11,32,40)( 9,36,48,18)(12,17,43,37)(13,28,14,34)(16,30,19,24)(20,53,49,42)(21,25,45,31)(22,23,50,35)(27,55)(29,41,56,44)(33,38)(39,54,52,51), (), 
[ 1, 2, 14, 18 ], [ 1, 2, 14, 19 ] ( 1,18,19,25)( 3,56,23,31)( 4,54,44,30)( 5,39,47,42)( 6,53)( 7,28,22,43)( 8,10,11,51)( 9,40,21,46)(12,16,36,20)(13,15,37,27)(17,52,55,26)(24,49)(29,33,34,32)(35,38,41,48)(45,50), ( 2,25)( 3,44)( 4,53)( 6,56)( 7,55)( 8,26)( 9,49)(10,34)(11,37)(13,28)(15,29)(16,46)(17,27)(18,19)(20,24)(21,36)(22,51)(30,31)(32,43)(33,52)(35,39)(38,50)(42,45)(47,48), ( 3, 4,54, 6)( 5,50,35,42)( 7,17,40,37)( 8,49,34,51)( 9,52,13,36)(10,29,33,24)(11,32)(12,43,27,55)(14,25,18,19)(15,21,22,16)(20,26,28,46)(23,31,53,44)(30,56)(38,47)(39,41,48,45), (), 

 Timeout. Runtime = 300.00000399999999s
RC = fail

PSL(3, 4).2_1 I = 4
[ 1, 2, 3 ], [ 1, 2, 14 ] ( 1,23,31,44,53)( 3,14,56,18,54)( 4,19,25, 6,30)( 5,39,46,43, 7)( 8,10,33,34,32)( 9,38,13,15,22)(11,24,49,51,29)(12,42,28,37,45)(16,36,52,21,47)(17,20,50,27,41)(26,48,35,40,55), ( 2,42,29,23,18,41,51, 4)( 3,14,35,46,30,19,47,36)( 5,13,33,56,39,24,21,53)( 6,50,31,48)( 7,27,17,40,32,11,12,55)( 8,28,54,45,16,49,44,38)( 9,15,10,34,22,20,26,52), (), 
[ 1, 2, 3, 7 ], [ 1, 2, 3, 55 ] ( 1, 9,50,42,54,26,13,46)( 4, 5,40,30,53,12,41,31)( 6,56,21,36,18,19, 7,55)( 8,34,29,33,49,10,32,51)(14,27,28,15,23,48,38,43)(16,22,47,35,45,52,17,39)(20,44,37,25), ( 2,51)( 5, 8)( 6,48)( 7,55)( 9,34)(10,15)(11,17)(12,27)(13,38)(14,36)(16,39)(18,29)(19,46)(20,26)(21,54)(22,52)(24,45)(28,53)(31,50)(32,40)(33,44)(35,47)(37,43)(41,42)(49,56), ( 3,50,26,13,54,42,46, 9)( 4, 5,28,52, 6,35,20,36)( 7,55,17,27,40,43,37,12)( 8,33,49,29,34,10,51,24)(14,39,16,31,18,48,21,44)(15,23,19,41,22,53,25,45)(30,47,56,38), (), 

 Timeout. Runtime = 300.00000399999999s
RC = fail

PSL(3, 4).2_2 I = 4
[ 1, 2, 3 ], [ 1, 2, 14 ] ( 1,28,35,36)( 3,14, 7,42)( 4,52,20, 6)( 8,29,33,10)( 9,15,56,17)(11,24,49,34)(12,47,21,39)(13,48)(16,46,23,22)(18,44,45,40)(19,55)(25,50,38,41)(26,27,37,53)(30,54,43,31), ( 2,22,16,21,15)( 3,14,35,24,49)( 4,10,25,34,42)( 5,18,54,51,29)( 6,50, 8,19,33)( 7,11,40,55,43)( 9,53,23,13,47)(12,32,27,37,17)(20,30,28,41,45)(26,48,56,39,46)(31,52,36,44,38), (), 
[ 1, 2, 3, 4 ], [ 1, 2, 3, 5 ] ( 1,28)( 4, 5)( 6,36)( 7,19)( 8,49)( 9,27)(10,51)(11,24)(12,53)(13,23)(14,50)(15,46)(17,47)(18,55)(21,56)(22,39)(25,44)(26,48)(30,41)(31,40)(33,34)(35,52)(38,54)(42,43), ( 2,13,54,26)( 4, 5,25, 8)( 6,56,44,14)( 7,55,27,12)( 9,50,42,46)(10,30,15,23)(16,22,52,39)(18,29)(19,41,31,34)(20,21,38,51)(24,45,47,35)(28,53)(32,43,37,40)(33,49,48,36), ( 3,42,54,50)( 4, 5, 6,35)( 7,55,40,43)( 8,24,34,29)( 9,26,13,46)(10,51,33,49)(12,37,27,17)(14,25,18,19)(15,16,22,21)(20,52,28,36)(23,48,53,39)(30,38)(31,45,44,41)(47,56), (), 

 Timeout. Runtime = 300.000001s
RC = fail

PSL(3, 4).2^2 I = 5
[ 1, 2, 3 ], [ 1, 2, 14 ] ( 1,23,31,44,53)( 3,14,56,18,54)( 4,19,25, 6,30)( 5,39,46,43, 7)( 8,10,33,34,32)( 9,38,13,15,22)(11,24,49,51,29)(12,42,28,37,45)(16,36,52,21,47)(17,20,50,27,41)(26,48,35,40,55), ( 2,26,51,31,15,39,24,36)( 3,14,34,33,18, 5,50, 4)( 6,13,22,20,42,47,21,30)( 7,43,27,32,11,40,17,12)( 8,38,45,49,25,44,28,54)( 9,48,19,29,23,56,10,35)(41,52,46,53), (), 
[ 1, 2, 3, 4 ], [ 1, 2, 3, 5 ] ( 1,28)( 4, 5)( 6,36)( 7,19)( 8,49)( 9,27)(10,51)(11,24)(12,53)(13,23)(14,50)(15,46)(17,47)(18,55)(21,56)(22,39)(25,44)(26,48)(30,41)(31,40)(33,34)(35,52)(38,54)(42,43), ( 2,13,54,26)( 4, 5,25, 8)( 6,56,44,14)( 7,55,27,12)( 9,50,42,46)(10,30,15,23)(16,22,52,39)(18,29)(19,41,31,34)(20,21,38,51)(24,45,47,35)(28,53)(32,43,37,40)(33,49,48,36), ( 3,50,26,13,54,42,46, 9)( 4, 5,28,52, 6,35,20,36)( 7,55,17,27,40,43,37,12)( 8,33,49,29,34,10,51,24)(14,39,16,31,18,48,21,44)(15,23,19,41,22,53,25,45)(30,47,56,38), (), 
