PSL(2, 19) I = 3
[ 1, 2, 3 ], [ 1, 2, 6 ] ( 1,26)( 3, 6)( 4,19)( 5,36)( 8, 9)(10,57)(11,16)(12,47)(13,53)(14,24)(15,49)(17,22)(21,55)(23,40)(25,35)(27,43)(28,44)(29,37)(30,51)(31,34)(32,50)(33,52)(38,39)(41,54)(42,48)(45,46), ( 2, 5, 9)( 3, 6,45)( 4,48,40)( 7,36, 8)(10,30,38)(11,57,34)(12,37,24)(13,22,23)(14,50,54)(15,31,39)(16,49,51)(17,52,19)(20,25,21)(26,27,43)(28,47,41)(29,44,32)(33,53,42)(35,55,56), (), 
[ 1, 2, 4, 17 ], [ 1, 2, 4, 53 ] ( 1,10, 5)( 3,50,15)( 6,37,18)( 7,45,56)( 8,49,52)( 9,57,25)(11,17,53)(12,34,55)(13,54,47)(14,29,35)(16,27,51)(19,30,22)(20,36,48)(21,41,43)(23,46,40)(24,39,32)(26,44,38)(28,42,33), ( 2,31)( 3,47)( 5,10)( 6,57)( 7,19)( 8,43)( 9,37)(13,15)(14,40)(16,24)(17,53)(18,25)(20,36)(21,52)(22,45)(23,35)(26,33)(27,32)(28,38)(29,46)(30,56)(34,55)(39,51)(41,49)(42,44)(50,54), ( 3, 5)( 4,54)( 6, 9)( 7,46)( 8,36)(10,15)(11,31)(12,22)(13,47)(14,48)(16,30)(17,53)(18,26)(19,21)(20,32)(23,56)(24,35)(25,42)(27,43)(28,37)(29,52)(33,44)(34,51)(38,57)(39,49)(41,55), (), 
[ , false, false, true ]
time = 3.1658599999999999s
RC = 4

PSL(3, 7) I = 5
[ 1, 2, 3 ], [ 1, 2, 12 ] ( 1,25,27,28,13,21,42,43,20,44,50, 9,52,23)( 3,12,11,31, 7,32,17,47,49,22,37,15,54,55)( 4,24,45,36,56,48,14,57, 5,34,33,41, 6,35)( 8,40)(10,51,39,38,53,29,16)(18,19)(26,30), ( 2,35,40,37, 8,20,19,29,26,23,30,55,46, 4)( 3,12,56,54,28,25,52,24,36,10,31,45,39,50)( 5,57, 7,27,16,43,47)( 6,13,15,33, 9,51,38,34,42,44,49,17,41,22)(11,53)(14,32)(21,48), (), 
[ 1, 2, 3, 5 ], [ 1, 2, 3, 7 ] ( 1,16,19, 4,24,15,44)( 5, 7,48,49,22,46, 9,17,50,37,29,11, 8,54)( 6,33,20,40,57,38,51,27,12,25,26,32,21,35)(10,36,41,18,13,52,14,31,43,56,30,39,55,28)(23,47)(34,42)(45,53), ( 2,38,56)( 4,15,44)( 5, 7,20)( 6,50,54)( 8,46,51)( 9,49,57)(10,43,30)(11,21,48)(12,22,17)(13,41,55)(16,24,19)(18,53,32)(23,25,52)(26,29,37)(27,31,34)(28,47,33)(35,36,45)(39,42,40), ( 3,10,18,23, 6,46)( 4,17,14,54,55,50)( 5, 7,13,24,35,32)( 8,42,44,26,53,31)( 9,21,51,39,52,15)(11,41,25,20,16,56)(12,29,36,33,49,43)(19,47,48,40,34,27)(28,57,38)(30,45,37), (), 
[ 1, 2, 3, 5, 6 ], [ 1, 2, 3, 5, 28 ] ( 1,46,32)( 4,49,40)( 6,28,41)( 7,25,44)( 8, 9,29)(10,51,56)(11,27,15)(12,18,13)(14,20,31)(16,37,35)(17,38,24)(19,54,33)(21,52,55)(22,48,50)(23,45,34)(26,39,43)(30,57,36)(42,47,53), ( 2,13, 7,45,10,11)( 4,19,44,24,15,16)( 6,28,35,21,36,27)( 8,22, 9,48,29,50)(12,52,25,57,56,32)(14,49,42,55,37,47)(17,53,43,46,34,30)(18,33,20,39,38,26)(23,41,54)(31,40,51), ( 3,13,56,34,57,11)( 4,20,47,39,22,53)( 6,28,18,44,50,26)( 7,30,48,15,46,10)( 8,37,14,19,27,35)( 9,25,45,32,16,42)(12,29,36,33,49,43)(17,55,38,21,24,52)(23,54,41)(31,51,40), ( 4,44,15)( 5,25,30)( 6,28,54)( 7,57,31)( 8,38,41)( 9,27,14)(10,50,32)(11,26,52)(12,36,49)(13,48,35)(16,19,24)(17,20,18)(21,56,46)(22,40,55)(23,34,45)(29,33,43)(37,51,39)(42,53,47), (), 

 Timeout. Runtime = 300.00000499999999s
RC = fail

PSL(3, 7).3 I = 5
[ 1, 2, 3 ], [ 1, 2, 12 ] ( 1,23)( 3,12)( 4,48)( 5,41)( 6,57)( 7,15)( 9,27)(10,39)(11,55)(13,44)(14,35)(16,38)(17,22)(20,21)(24,56)(25,52)(28,50)(29,53)(31,54)(32,37)(33,34)(36,45)(42,43)(47,49), ( 2,55,14,52,41,37,26,19,36, 8,11,20,23,22,35,24,43,34,32,50, 5,30, 9,44,33,25,18,27,54,57,56, 4,49, 6,48,42,31,28,17, 3,12, 7,21,13,40,45,47,15)(10,16,29,39,53,46,51,38), (), 
[ 1, 2, 12, 29 ], [ 1, 2, 12, 33 ] ( 1,29,33,49,36,43)( 3,25, 4,42,56, 9)( 5,38,52,21,24,17)( 6,18,28,44,19,14)( 7,37,26,50,27,30)( 8,35,48,40,51,10)(11,13,34,20,54,53)(15,31,46)(16,57,45,41,39,23)(22,32,47), ( 2,36)( 3, 4)( 6, 8)( 7,34)( 9,56)(10,47)(13,52)(14,48)(15,24)(16,19)(17,26)(18,32)(20,27)(21,53)(22,45)(23,40)(25,55)(28,57)(29,33)(31,54)(37,38)(41,51)(43,49)(46,50), ( 3, 5,14)( 4,41,48)( 6,13,22)( 7,42,38)( 8,46,30)( 9,56,10)(11,44,54)(12,36,49)(15,23,21)(16,31,32)(17,35,47)(18,19,40)(20,37,39)(24,51,53)(25,27,57)(28,34,52)(29,33,43)(45,55,50), (), 
[ 1, 2, 3, 4, 5 ], [ 1, 2, 3, 4, 6 ] ( 1,16,24,44,15,19)( 5, 6,14,46,33,56)( 7,40,36,22,21,10)( 8,12,41,17,27,28)( 9,57,13,54,32,39)(11,38,31,50,26,43)(18,29,20,55,37,35)(25,52,48,51,30,49), ( 2,29,12)( 5, 6,45)( 7,30,31)( 8,57,23)( 9,20,53)(10,52,11)(13,18,17)(14,56,46)(21,47,50)(22,51,34)(25,38,40)(26,42,48)(27,32,35)(28,54,55)(36,49,43)(37,41,39), ( 3,24,44)( 5, 6,45)( 7,22,40)( 8,28,41)( 9,13,32)(10,42,21)(11,26,50)(14,56,46)(15,16,19)(17,27,53)(18,35,20)(23,55,37)(25,30,51)(31,34,38)(39,57,54)(47,52,48), ( 4,16,15,24,44,19)( 5, 6,30,54,25,28)( 7,38,31, 8,57,41)( 9,20,14,17,27,18)(10,46,32,56,50,21)(11,35,52,48,26,13)(12,43,49,33,36,29)(22,51,55,37,40,39)(23,34,45)(42,53,47), (), 
[ , false, false, false, true, true ]
time = 147.76889700000001s
RC = 5

A(57)
RC = 56

S(57)
RC = 2

