C(59)
RC = 2

D(2*59) I = 2
[ , true, true ]
time = 12.253918000000001s
RC = 2

59:29 I = 2
[ 1, 2, 3 ], [ 1, 2, 5 ] ( 1,24,27,54,40,44,32,39,51,43,33,14,34,23, 7,16,50,21,19,56,26,52,58,11,41,55,29,20,35)( 3, 5,15,38,13,49, 4,28,59,36,53,46, 9, 8,30,10, 6,25,22,47,48,31,18,12,17,57,42,37,45), ( 2, 4, 6, 8,10,12,14,16,18,20,22,24,26,28,30,32,34,36,38,40,42,44,46,48,50,52,54,56,58)( 3, 5, 7, 9,11,13,15,17,19,21,23,25,27,29,31,33,35,37,39,41,43,45,47,49,51,53,55,57,59), (), 
[ , false, true ]
time = 0.053449000000000003s
RC = 3

AGL(1, 59) I = 2
[ 1, 2, 3 ], [ 1, 2, 4 ] ( 1,32,34,19,41,24,39,23,56,55,27,51, 7,26,29,54,43,16,52,20,40,33,50,58,35,44,14,21,11)( 3, 4, 9,22,17, 5,28, 8,47,57,15,59,30,48,42,38,36,10,31,37,13,53, 6,18,45,49,46,25,12), ( 2, 3, 4, 5, 6, 7, 8, 9,10,11,12,13,14,15,16,17,18,19,20,21,22,23,24,25,26,27,28,29,30,31,32,33,34,35,36,37,38,39,40,41,42,43,44,45,46,47,48,49,50,51,52,53,54,55,56,57,58,59), (), 
[ , false, true ]
time = 0.052954000000000001s
RC = 3

A(59)
RC = 58

S(59)
RC = 2

