Alt(5)^2 I = 3
[ 1, 4, 9 ], [ 1, 4, 36 ] ( 1,27)( 2,40)( 3,54)( 5,46)( 6,13)( 7,22)( 8,58)( 9,36)(10,26)(11,12)(14,16)(15,30)(17,45)(18,59)(19,34)(20,55)(21,25)(23,43)(24,57)(28,33)(29,31)(32,53)(35,56)(38,48)(39,42)(41,50)(44,47)(49,52), ( 2,44,12,56,13)( 3,45,42,59,28)( 4,52,16,14,49)( 5,22,34,21,53)( 6,35,11,47,40)( 7,46,32,25,19)( 8,51,58,26,10)( 9,36,38,37,48)(15,20,41,43,57)(17,54,33,18,39)(23,50,55,30,24), (), 
[ 1, 2, 3, 6 ], [ 1, 2, 3, 55 ] ( 1,56,42)( 4,18,38)( 5,60,44)( 6,55,41)( 7,47,10)( 8,15,37)( 9,50,25)(11,16,58)(12,36,34)(13,26,54)(14,40,32)(17,51,23)(19,33,21)(20,39,59)(22,24,35)(27,57,49)(28,29,43)(31,52,53)(45,48,46), ( 2,29,13,45,28)( 4,24,16,11,35)( 5,20,21,33,39)( 6,55,50,47,52)( 7,25, 8,31,10)( 9,41,53,15,37)(14,30,40,23,49)(17,54,43,48,57)(18,34,36,38,22)(26,51,32,27,46)(42,56,44,59,60), ( 3,45,44,60,13)( 4,14, 6,55,40)( 5,53,48,54, 9)( 7,51,27,10,19)(11,52,30,50,16)(12,56,28,29,42)(15,36,34,37,43)(17,57,33,22,21)(18,38,39,41,20)(23,49,24,47,35)(25,31,46,58,26), (), 
[ , false, false, true ]
time = 2.5533200000000003s
RC = 4

Alt(5)^2.2 I = 3
[ 1, 2, 3 ], [ 1, 2, 25 ] ( 1,41,29, 6,56,39)( 3,25,13,30,48,52)( 4,34,18,15,40, 8)( 5,26,45,60,31, 9)( 7,23,27)(10,22,24,47,33,19)(11,54,46,58,53,50)(12,55,36,14,42,32)(17,57,35,51,49,21)(20,37,59,43,38,28), ( 2,58,28,27,42,26)( 3,25,29,46,45, 8)( 4,14,30,35,47,50)( 5,39,37,36,18,53)( 6,40,49)( 7,59,19,44,31,13)( 9,33,17,48,20,41)(10,56,32,12,51,60)(11,16,24,55,23,52)(15,22,54,21,43,38), (), 
[ 1, 2, 3, 6 ], [ 1, 2, 3, 55 ] ( 1,56,42)( 4,18,38)( 5,60,44)( 6,55,41)( 7,47,10)( 8,15,37)( 9,50,25)(11,16,58)(12,36,34)(13,26,54)(14,40,32)(17,51,23)(19,33,21)(20,39,59)(22,24,35)(27,57,49)(28,29,43)(31,52,53)(45,48,46), ( 2,29,13,45,28)( 4,24,16,11,35)( 5,20,21,33,39)( 6,55,50,47,52)( 7,25, 8,31,10)( 9,41,53,15,37)(14,30,40,23,49)(17,54,43,48,57)(18,34,36,38,22)(26,51,32,27,46)(42,56,44,59,60), ( 3,45,44,60,13)( 4,14, 6,55,40)( 5,53,48,54, 9)( 7,51,27,10,19)(11,52,30,50,16)(12,56,28,29,42)(15,36,34,37,43)(17,57,33,22,21)(18,38,39,41,20)(23,49,24,47,35)(25,31,46,58,26), (), 
[ , false, false, true ]
time = 0.89919700000000002s
RC = 4

Alt(5) wreath Sym(2) I = 4
[ 1, 2, 3 ], [ 1, 2, 25 ] ( 1,39)( 3,25)( 4,15)( 5,31)( 6,29)( 7,23)( 8,40)(10,33)(11,53)(12,14)(13,52)(17,21)(18,34)(20,43)(22,47)(26,60)(28,38)(30,48)(32,42)(35,51)(36,55)(37,59)(41,56)(49,57)(54,58), ( 2,27)( 3,25)( 4,47)( 5,37)( 6,40)( 7,13)( 8,29)(10,56)(11,55)(12,51)(14,35)(15,22)(16,24)(17,20)(19,44)(21,43)(23,52)(26,42)(28,58)(31,59)(32,60)(33,41)(36,53)(38,54)(45,46), (), 
[ 1, 2, 3, 6 ], [ 1, 2, 3, 55 ] ( 1,56,42)( 4,18,38)( 5,60,44)( 6,55,41)( 7,47,10)( 8,15,37)( 9,50,25)(11,16,58)(12,36,34)(13,26,54)(14,40,32)(17,51,23)(19,33,21)(20,39,59)(22,24,35)(27,57,49)(28,29,43)(31,52,53)(45,48,46), ( 2,29,13,45,28)( 4,24,16,11,35)( 5,20,21,33,39)( 6,55,50,47,52)( 7,25, 8,31,10)( 9,41,53,15,37)(14,30,40,23,49)(17,54,43,48,57)(18,34,36,38,22)(26,51,32,27,46)(42,56,44,59,60), ( 3,45,44,60,13)( 4,14, 6,55,40)( 5,53,48,54, 9)( 7,51,27,10,19)(11,52,30,50,16)(12,56,28,29,42)(15,36,34,37,43)(17,57,33,22,21)(18,38,39,41,20)(23,49,24,47,35)(25,31,46,58,26), (), 
