C(61)
RC = 2

D(2*61) I = 2
[ , true, true ]
time = 14.207265s
RC = 2

61:3 I = 2
[ 1, 2, 12 ], [ 1, 2, 52 ] ( 1,30,40)( 3,12,52)( 4,26,27)( 5,46,61)( 6,13,42)( 7,39,29)( 8,50,20)( 9,35,24)(10,31,18)(11,36,54)(14,17,19)(15,51,48)(16,32,37)(21,44,28)(22,53,47)(23,56,55)(25,38,34)(33,45,59)(41,60,58)(43,49,57), ( 2,42,22)( 3,43,23)( 4,44,24)( 5,45,25)( 6,46,26)( 7,47,27)( 8,48,28)( 9,49,29)(10,50,30)(11,51,31)(12,52,32)(13,53,33)(14,54,34)(15,55,35)(16,56,36)(17,57,37)(18,58,38)(19,59,39)(20,60,40)(21,61,41), (), 
[ , false, true ]
time = 0.317942s
RC = 3

61:4 I = 2
[ 1, 2, 9 ], [ 1, 2, 54 ] ( 1,55, 3,10)( 4,50,33,37)( 5,49,39,60)( 6,19,22,28)( 7,41,61,43)( 8,59,32,27)( 9,54,34,51)(11,25,48,35)(12,31,30,23)(13,14,53,21)(15,24,36,38)(16,26,20,45)(17,47,44,42)(18,40,56,52)(29,58,46,57), ( 2,47,32,17)( 3,48,33,18)( 4,49,34,19)( 5,50,35,20)( 6,51,36,21)( 7,52,37,22)( 8,53,38,23)( 9,54,39,24)(10,55,40,25)(11,56,41,26)(12,57,42,27)(13,58,43,28)(14,59,44,29)(15,60,45,30)(16,61,46,31), (), 
[ , false, true ]
time = 0.23053699999999999s
RC = 3

61:5 I = 2
[ 1, 2, 7 ], [ 1, 2, 31 ] ( 1, 4,35,53,58)( 3,33,25,13,57)( 5,56, 8,54,28)( 6,49,52,59,34)( 7,31,16,15,17)( 9,22,60,40,27)(10,37,48,14,29)(11,21,46,55,50)(12,45,38,42,43)(18,32,51,19,39)(20,36,44,61,23)(24,47,41,30,26), ( 2,26,50,14,38)( 3,27,51,15,39)( 4,28,52,16,40)( 5,29,53,17,41)( 6,30,54,18,42)( 7,31,55,19,43)( 8,32,56,20,44)( 9,33,57,21,45)(10,34,58,22,46)(11,35,59,23,47)(12,36,60,24,48)(13,37,61,25,49), (), 
[ , false, true ]
time = 0.18396699999999999s
RC = 3

61:6 I = 2
[ 1, 2, 11 ], [ 1, 2, 51 ] ( 1,52,30, 3,40,12)( 4,59,26,33,27,45)( 5, 7,46,39,61,29)( 6,47,13,22,42,53)( 8,16,50,32,20,37)( 9,38,35,34,24,25)(10,56,31,55,18,23)(11,51,36,48,54,15)(14,28,17,21,19,44)(41,57,60,43,58,49), ( 2,42,22)( 3,43,23)( 4,44,24)( 5,45,25)( 6,46,26)( 7,47,27)( 8,48,28)( 9,49,29)(10,50,30)(11,51,31)(12,52,32)(13,53,33)(14,54,34)(15,55,35)(16,56,36)(17,57,37)(18,58,38)(19,59,39)(20,60,40)(21,61,41), (), 
[ , false, true ]
time = 0.17444200000000001s
RC = 3

61:10 I = 2
[ 1, 2, 3 ], [ 1, 2, 33 ] ( 1, 4,35,53,58)( 3,33,25,13,57)( 5,56, 8,54,28)( 6,49,52,59,34)( 7,31,16,15,17)( 9,22,60,40,27)(10,37,48,14,29)(11,21,46,55,50)(12,45,38,42,43)(18,32,51,19,39)(20,36,44,61,23)(24,47,41,30,26), ( 2,32)( 3,33)( 4,34)( 5,35)( 6,36)( 7,37)( 8,38)( 9,39)(10,40)(11,41)(12,42)(13,43)(14,44)(15,45)(16,46)(17,47)(18,48)(19,49)(20,50)(21,51)(22,52)(23,53)(24,54)(25,55)(26,56)(27,57)(28,58)(29,59)(30,60)(31,61), (), 
[ , false, true ]
time = 0.098174999999999998s
RC = 3

61:12 I = 2
[ 1, 2, 3 ], [ 1, 2, 18 ] ( 1,56,12,10,40,23, 3,18,30,55,52,31)( 4, 8,45,37,27,20,33,32,26,50,59,16)( 5,43,29,60,61,57,39,41,46,49, 7,58)( 6,17,53,28,42,14,22,44,13,19,47,21)( 9,36,25,51,24,11,34,15,35,54,38,48), ( 2,17,32,47)( 3,18,33,48)( 4,19,34,49)( 5,20,35,50)( 6,21,36,51)( 7,22,37,52)( 8,23,38,53)( 9,24,39,54)(10,25,40,55)(11,26,41,56)(12,27,42,57)(13,28,43,58)(14,29,44,59)(15,30,45,60)(16,31,46,61), (), 
[ , false, true ]
time = 0.091997999999999996s
RC = 3

61:15 I = 2
[ 1, 2, 3 ], [ 1, 2, 43 ] ( 1,41,22,35,26,40,58,47, 9, 4,30,60,53,24,27)( 3,43, 6,25,45,52,57,42,34,33,12,49,13,38,59)( 5,21,36, 8,55,61,28,11,20,56,46,44,54,50,23)( 7,19,48,16,18,29,17,51,37,31,39,14,15,32,10), ( 2,42,22)( 3,43,23)( 4,44,24)( 5,45,25)( 6,46,26)( 7,47,27)( 8,48,28)( 9,49,29)(10,50,30)(11,51,31)(12,52,32)(13,53,33)(14,54,34)(15,55,35)(16,56,36)(17,57,37)(18,58,38)(19,59,39)(20,60,40)(21,61,41), (), 
[ , false, true ]
time = 0.081438999999999998s
RC = 3

61:20 I = 2
[ 1, 2, 3 ], [ 1, 2, 21 ] ( 1,14,33,46,35,10,13,50,58,48, 3,21, 4,29,25,55,53,37,57,11)( 5, 9,18, 6, 8,60,51,52,28,27,39,34,56,22,32,49,54,40,19,59)( 7,38,23,47,16,43,36,30,17,45,61,24,31,42,20,41,15,12,44,26), ( 2,20,38,56,14,32,50, 8,26,44)( 3,21,39,57,15,33,51, 9,27,45)( 4,22,40,58,16,34,52,10,28,46)( 5,23,41,59,17,35,53,11,29,47)( 6,24,42,60,18,36,54,12,30,48)( 7,25,43,61,19,37,55,13,31,49), (), 
[ , false, true ]
time = 0.070510000000000003s
RC = 3

61:30 I = 2
[ 1, 2, 3 ], [ 1, 2, 9 ] ( 1,34,41,33,22,12,35,49,26,13,40,38,58,59,47, 3, 9,43, 4, 6,30,25,60,45,53,52,24,57,27,42)( 5,16,21,18,36,29, 8,17,55,51,61,37,28,31,11,39,20,14,56,15,46,32,44,10,54, 7,50,19,23,48), ( 2, 8,14,20,26,32,38,44,50,56)( 3, 9,15,21,27,33,39,45,51,57)( 4,10,16,22,28,34,40,46,52,58)( 5,11,17,23,29,35,41,47,53,59)( 6,12,18,24,30,36,42,48,54,60)( 7,13,19,25,31,37,43,49,55,61), (), 
[ , false, true ]
time = 0.063294000000000003s
RC = 3

AGL(1, 61) I = 2
[ 1, 2, 3 ], [ 1, 2, 4 ] ( 1,33,35,13,58, 3, 4,25,53,57)( 5,18, 8,51,28,39,56,32,54,19)( 6,60,52,27,34,22,49,40,59, 9)( 7,23,16,36,17,61,31,20,15,44)(10,50,48,21,29,55,37,11,14,46)(12,26,38,47,43,30,45,24,42,41), ( 2, 3, 4, 5, 6, 7, 8, 9,10,11,12,13,14,15,16,17,18,19,20,21,22,23,24,25,26,27,28,29,30,31,32,33,34,35,36,37,38,39,40,41,42,43,44,45,46,47,48,49,50,51,52,53,54,55,56,57,58,59,60,61), (), 
[ , false, true ]
time = 0.054058000000000002s
RC = 3

A(61)
RC = 60

S(61)
RC = 2

