PSL(2,61) I = 3
[ 1, 2, 3 ], [ 1, 2, 4 ] ( 1,12,10,32,47,42,41,20,52,48)( 3, 4,33,19, 7,58,62,15,60,21)( 5,46,36,39,45,53,18,11,23,56)( 6,49,13,51,26,40,27,37,54,17)( 8,34,31,59,35,55,57,24,16,50)( 9,28,44,14,25,30,61,38,22,29), ( 2, 3, 4, 9, 5,25,10,52, 6,15,26,18,11,43,53,31, 7,50,16,29,27,58,19,60,12,47,44,21,54,38,32,62, 8,24,51,14,17,42,30,49,28,57,59,46,20,37,61,23,13,41,48,56,45,36,22,40,55,35,39,34,33), (), 
[ 1, 2, 3, 4 ], [ 1, 2, 3, 10 ] ( 1,38,41,12, 5,35,61,56,18, 7,25,39,30,43,24)( 4,10,57,29,44,60,42,15,11,21,19, 9,45,54,37)( 6,27,52,16,53,32,31,23, 8,13,20,40,59,22,62)(14,48,36,47,49,17,46,58,55,33,50,51,26,34,28), ( 2,35,42,34,23,13,36,50,27,14,41,39,59,60,48, 4,10,44, 5, 7,31,26,61,46,54,53,25,58,28,43)( 6,17,22,19,37,30, 9,18,56,52,62,38,29,32,12,40,21,15,57,16,47,33,45,11,55, 8,51,20,24,49), ( 3, 9,15,21,27,33,39,45,51,57)( 4,10,16,22,28,34,40,46,52,58)( 5,11,17,23,29,35,41,47,53,59)( 6,12,18,24,30,36,42,48,54,60)( 7,13,19,25,31,37,43,49,55,61)( 8,14,20,26,32,38,44,50,56,62), (), 
[ , false, false, true ]
time = 0.112608s
RC = 4

PGL(2,61) I = 3
[ 1, 2, 3, 4 ], [ 1, 2, 3, 5 ] ( 1,34,13,10,35,47,62,42,25,55,53, 9)( 4, 5,36,22,60, 7,58,16,19,24,26, 8)( 6,15,39,33,32,45,38,28,20,57,61,49)(11,30,50,31,54,41,14,40,29,56,17,27)(12,48,59,44,18,46,52,21,43,51,23,37), ( 2,34,36,14,59, 4, 5,26,54,58)( 6,19, 9,52,29,40,57,33,55,20)( 7,61,53,28,35,23,50,41,60,10)( 8,24,17,37,18,62,32,21,16,45)(11,51,49,22,30,56,38,12,15,47)(13,27,39,48,44,31,46,25,43,42), ( 3, 4, 5, 6, 7, 8, 9,10,11,12,13,14,15,16,17,18,19,20,21,22,23,24,25,26,27,28,29,30,31,32,33,34,35,36,37,38,39,40,41,42,43,44,45,46,47,48,49,50,51,52,53,54,55,56,57,58,59,60,61,62), (), 
[ , true, false, true ]
time = 0.061723s
RC = 4

A(62)
RC = 61

S(62)
RC = 2

