AGL(1, 8) I = 2
[ 1, 2, 3 ], [ 1, 2, 4 ] (1,5,8,6,3,4,7), (2,8,3,4,5,7,6), (), 
[ , false, true ]
time = 0.029056999999999999s
RC = 3

AGammaL(1, 8) I = 3
[ 1, 2, 3 ], [ 1, 2, 4 ] (1,5,8,6,3,4,7), (2,8,3,4,5,7,6), (), 
[ , false, true, true ]
time = 0.029978000000000001s
RC = 3

ASL(3, 2) I = 4
[ 1, 2, 3, 4 ], [ 1, 2, 3, 5 ] (1,8)(4,5), (2,7,6)(4,5,8), (3,6,8)(4,5,7), (), 
[ , true, false, true, true ]
time = 0.032576000000000001s
RC = 4

PSL(2, 7) I = 3
[ 1, 2, 3 ], [ 1, 2, 4 ] (1,7,5)(3,4,6), (2,7,5)(3,4,8), (), 
[ 1, 2, 3, 5 ], [ 1, 2, 3, 6 ] (1,4,8)(5,6,7), (2,7,4)(5,6,8), (3,8,7)(4,5,6), (), 
[ , false, false, true ]
time = 0.058104000000000003s
RC = 4

PGL(2, 7) I = 3
[ 1, 2, 3, 4 ], [ 1, 2, 3, 5 ] (1,7)(4,5)(6,8), (2,6,7,8,4,5), (3,8,7)(4,5,6), (), 
[ , true, false, true ]
time = 0.033113999999999998s
RC = 4

A(8)
RC = 7

S(8)
RC = 2

