A(5) I = 3
[ 1, 2, 3 ], [ 1, 2, 4 ] ( 1, 3, 4)( 5, 8, 9)( 6,10, 7), ( 2, 3, 4)( 5, 6, 7)( 8,10, 9), (), 
[ , false, true, true ]
time = 0.075351000000000001s
RC = 3

S(5) I = 4
[ 1, 2, 3 ], [ 1, 2, 5 ] ( 1, 8)( 3, 5)( 4, 9)( 7,10), ( 2, 6)( 3, 5)( 4, 7)( 9,10), (), 
[ , false, true, true, true ]
time = 0.37673600000000002s
RC = 3

PSL(2, 9) I = 3
[ 1, 2, 3 ], [ 1, 2, 4 ] ( 1, 3, 4, 6)( 7, 8, 9,10), (2,7,3,4)(5,8,9,6), (), 
[ 1, 2, 3, 4 ], [ 1, 2, 3, 7 ] ( 1,10)( 4, 7)( 5, 6)( 8, 9), ( 2, 8,10, 5)( 4, 7, 6, 9), ( 3, 9,10, 6)( 4, 7, 5, 8), (), 
[ , false, false, true ]
time = 0.067380999999999996s
RC = 4

PGL(2, 9) I = 3
[ 1, 2, 3, 4 ], [ 1, 2, 3, 5 ] ( 1, 8, 4, 5,10, 9, 7, 6), ( 2, 6, 8, 9,10, 4, 5, 7), ( 3,10)( 4, 5)( 6, 9)( 7, 8), (), 
[ , true, false, true ]
time = 0.053772s
RC = 4

PSigmaL(2, 9) I = 4
[ 1, 2, 3 ], [ 1, 2, 4 ] ( 1, 3, 4, 8, 5, 9)( 6,10, 7), (2,7,3,4)(5,8,9,6), (), 
[ , false, true, true, true ]
time = 0.16544500000000001s
RC = 3

M(10) I = 3
[ 1, 2, 3, 4 ], [ 1, 2, 3, 5 ] ( 1, 9,10, 8)( 4, 5, 7, 6), ( 2, 7,10, 9)( 4, 5, 6, 8), ( 3,10)( 4, 5)( 6, 9)( 7, 8), (), 
[ , true, false, true ]
time = 0.041842999999999998s
RC = 4

PGammaL(2, 9) I = 4
[ 1, 2, 3, 4 ], [ 1, 2, 3, 5 ] ( 1, 9,10, 8)( 4, 5, 7, 6), ( 2, 6, 8, 9,10, 4, 5, 7), ( 3, 9)( 4, 5)( 6,10), (), 
[ , true, false, true, true ]
time = 0.17897099999999999s
RC = 4

A(10)
RC = 9

S(10)
RC = 2

