C(13)
RC = 2

D(2*13) I = 2
[ , true, true ]
time = 0.040371999999999998s
RC = 2

13:3 I = 2
[ 1, 2, 4 ], [ 1, 2, 12 ] ( 1, 9,11)( 3, 4,12)( 5,10, 8)( 6,13, 7), ( 2,10, 6)( 3,11, 7)( 4,12, 8)( 5,13, 9), (), 
[ , false, true ]
time = 0.028375000000000001s
RC = 3

13:4 I = 2
[ 1, 2, 5 ], [ 1, 2, 11 ] ( 1, 7, 3,10)( 4, 8, 9, 6)( 5,11,13,12), ( 2, 8)( 3, 9)( 4,10)( 5,11)( 6,12)( 7,13), (), 
[ , false, true ]
time = 0.039211999999999997s
RC = 3

13:6 I = 2
[ 1, 2, 3 ], [ 1, 2, 9 ] ( 1, 4,11, 3, 9,12)( 5, 7, 8,13,10, 6), ( 2, 8)( 3, 9)( 4,10)( 5,11)( 6,12)( 7,13), (), 
[ , false, true ]
time = 0.039572999999999997s
RC = 3

AGL(1, 13) I = 2
[ 1, 2, 3 ], [ 1, 2, 4 ] ( 1, 9,11)( 3, 4,12)( 5,10, 8)( 6,13, 7), ( 2, 3, 4, 5, 6, 7, 8, 9,10,11,12,13), (), 
[ , false, true ]
time = 0.039763s
RC = 3

L(3, 3) I = 5
[ 1, 2, 3 ], [ 1, 2, 4 ] ( 1, 9, 8, 3, 4, 7,12, 5)( 6,13,11,10), ( 2, 7, 6, 9)( 3, 4,11, 5,13,10,12, 8), (), 

 Timeout. Runtime = 92.384112999999999s
RC = fail

A(13)
RC = 12

S(13)
RC = 2

