PSL(2,13) I = 3
[ 1, 2, 3 ], [ 1, 2, 4 ] ( 1,11,14, 8,12, 7)( 3, 4, 6, 5,13,10), ( 2, 9,11)( 3, 4,12)( 5,10, 8)( 6,13, 7), (), 
[ 1, 2, 3, 4 ], [ 1, 2, 3, 10 ] ( 1, 8, 6)( 4,10,11)( 5,14,13)( 7, 9,12), ( 2, 5,12, 4,10,13)( 6, 8, 9,14,11, 7), ( 3, 9)( 4,10)( 5,11)( 6,12)( 7,13)( 8,14), (), 
[ , false, false, true ]
time = 0.147809s
RC = 4

PGL(2,13) I = 3
[ 1, 2, 3, 4 ], [ 1, 2, 3, 5 ] ( 1,10,14, 7)( 4, 5,12, 6)( 8,11,13, 9), ( 2,10,12)( 4, 5,13)( 6,11, 9)( 7,14, 8), ( 3, 4, 5, 6, 7, 8, 9,10,11,12,13,14), (), 
[ , true, false, true ]
time = 0.089111999999999997s
RC = 4

A(14)
RC = 13

S(14)
RC = 2

