A(7) I = 3
[ 1, 2, 3 ], [ 1, 2, 4 ] ( 1, 6)( 3, 4)( 8,10)( 9,12)(11,14)(13,15), ( 2, 5)( 3, 4)( 8,14)( 9,15)(10,11)(12,13), (), 
[ 1, 2, 4, 7 ], [ 1, 2, 4, 8 ] ( 1,14,11)( 3,12, 9)( 5,10,15)( 7, 8,13), ( 2,13,10)( 3,12,11)( 6, 9,14)( 7, 8,15), ( 4,11,15)( 5,10,14)( 6, 9,13)( 7, 8,12), (), 
[ , false, false, true ]
time = 0.15709600000000001s
RC = 4

A(6) I = 3
[ 1, 8, 9 ], [ 1, 8, 11 ] ( 1, 3,13, 7)( 2,14,10, 6)( 4,12)( 5,15, 9,11), ( 2, 5, 3, 4)( 6, 7)( 8,10,15,12)( 9,11,14,13), (), 
[ 1, 2, 4, 8 ], [ 1, 2, 4, 9 ] ( 1, 8, 9)( 3,10,11)( 5,12,13)( 7,14,15), ( 2, 6)( 3, 7)( 8, 9)(10,15)(11,14)(12,13), ( 4, 6)( 5, 7)( 8, 9)(10,11)(12,15)(13,14), (), 
[ , false, false, true ]
time = 0.155448s
RC = 4

S(6) I = 4
[ 1, 8, 9 ], [ 1, 8, 11 ] ( 1, 3,13, 9,11, 5)( 2,14, 4)( 6,12,10)( 7,15), ( 2, 5, 3, 4)( 6, 7)( 8,10,15,12)( 9,11,14,13), (), 
[ , false, true, true, true ]
time = 7.7286299999999999s
RC = 3

PSL(4, 2) I = 4
[ 1, 2, 3 ], [ 1, 2, 4 ] ( 1, 6, 9)( 3, 4,11)( 5,13,10)( 7,15, 8), ( 2, 5, 9)( 3, 4, 8)( 6,13,10)( 7,12,11), (), 
[ 1, 2, 4, 7 ], [ 1, 2, 4, 8 ] ( 1,14, 7, 8)( 3,12, 5,10)( 9,15)(11,13), ( 2,13, 7, 8)( 3,12, 6, 9)(10,15)(11,14), ( 4,11, 7, 8)( 5,10, 6, 9)(12,15)(13,14), (), 
[ , false, false, true, true ]
time = 6.6848419999999997s
RC = 4

A(15)
RC = 14

S(15)
RC = 2

