2^4:5 I = 2
[ 1, 2, 3 ], [ 1, 2, 16 ] ( 1,15,10, 6, 4)( 3,16, 7,14, 8)( 5,13, 9,11,12), ( 2, 9, 3,16, 5)( 4, 8, 7,15,13)( 6,10,11,14,12), (), 
[ , false, true ]
time = 0.028060999999999999s
RC = 3

2^4:D(2*5) I = 3
[ , true, true, true ]
time = 0.47311300000000001s
RC = 2

AGL(1, 16) I = 2
[ 1, 2, 3 ], [ 1, 2, 4 ] ( 1,15,12,14,10)( 3, 4,13, 7,11)( 5, 8, 6, 9,16), ( 2, 9,13,11,16)( 3, 4,12, 8,14)( 5, 7, 6,15,10), (), 
[ , false, true ]
time = 0.15190500000000001s
RC = 3

(A(4) x A(4)):2 I = 3
[ 1, 2, 3 ], [ 1, 2, 4 ] ( 1, 3, 4)( 5,15,12)( 6,14,10)( 7,16, 9)( 8,13,11), ( 2, 3, 4)( 5, 9,13)( 6,11,16)( 7,12,14)( 8,10,15), (), 
[ , false, true, true ]
time = 0.266982s
RC = 3

(2^4:5).4 I = 3
[ 1, 2, 7 ], [ 1, 2, 13 ] ( 1, 6,10, 4)( 3, 5,14,12)( 7,13,16,11)( 8, 9), ( 2, 3, 5, 9,16)( 4, 7,13, 8,15)( 6,11,12,10,14), (), 
[ , false, true, true ]
time = 0.28600500000000001s
RC = 3

AGL(1, 16):2 I = 3
[ 1, 2, 3 ], [ 1, 2, 4 ] ( 1, 5,14,15,13,12)( 3, 4, 7,11, 6, 9)( 8,16,10), ( 2,10, 5,16, 9,14,12, 8, 6, 7,13, 3, 4,11,15), (), 
[ , false, true, true ]
time = 0.19090499999999999s
RC = 3

2^4.S(3) x S(3) I = 4
[ 1, 2, 3 ], [ 1, 2, 5 ] ( 1,12,14)( 3, 5,10)( 4,15, 6)( 8,13,11), ( 2,13,11)( 3, 5,16)( 4, 9, 6)( 7,12,14), (), 
[ 1, 2, 9, 10 ], [ 1, 2, 9, 12 ] ( 1, 3)( 5,14)( 6,15)( 7,16)( 8,13)(10,12), ( 2, 4)( 5,13)( 6,16)( 7,15)( 8,14)(10,12), ( 5, 6)( 7, 8)( 9,11)(10,12)(13,16)(14,15), (), 
[ , false, false, true, true ]
time = 18.843758000000001s
RC = 4

2^4.3^2:4 I = 4
[ 1, 2, 3, 5 ], [ 1, 2, 3, 6 ] ( 1,14, 4,15)( 5, 6,10,12)( 7,11, 9, 8)(13,16), ( 2,11, 4, 9)( 5, 6,16,13)( 7, 8,14,15)(10,12), ( 3, 4)( 5, 6)( 9,16)(10,15)(11,13)(12,14), (), 
[ , true, false, true, true ]
time = 18.827117000000001s
RC = 4

AGammaL(1, 16) I = 3
[ 1, 2, 3 ], [ 1, 2, 7 ] ( 1,14,15,10,12)( 3, 7, 4,11,13)( 5, 9, 8,16, 6), ( 2, 4, 6,16, 3, 7,11,14, 5,13, 8,10, 9,12,15), (), 
[ , false, true, true ]
time = 0.18260499999999999s
RC = 3

(S(4) x S(4)):2 I = 5
[ 1, 2, 9, 10 ], [ 1, 2, 9, 12 ] ( 1, 3,14,10,12, 5)( 4,15, 6)( 7,16)( 8,13,11), ( 2, 4)( 5,13)( 6,16)( 7,15)( 8,14)(10,12), ( 5, 6)( 7, 8)( 9,11)(10,12)(13,16)(14,15), (), 
timeout - forced 
 
2^4.PSL(4, 2) I = 5
[ 1, 2, 3, 4 ], [ 1, 2, 3, 5 ] ( 1, 8,13,15,12, 6,10)( 4, 5,16,14, 9, 7,11), ( 2, 7,14)( 4, 5,16)( 6,10,15)( 8,12,13), ( 3, 6,14, 7,10,11,15)( 4, 5,13, 8, 9,12,16), (), 
timeout - forced

AGammaL(2, 4) I = 4
[ 1, 2, 3 ], [ 1, 2, 7 ] ( 1,14,15,10,12)( 3, 7, 4,11,13)( 5, 9, 8,16, 6), ( 2,10,12,14,15)( 3, 7, 4,16, 9)( 5, 6,13, 8,11), (), 
[ 1, 2, 3, 4 ], [ 1, 2, 3, 5 ] ( 1, 8)( 4, 5)( 9,12)(10,14)(11,15)(13,16), ( 2, 7, 8)( 4, 5, 6)( 9,10,16)(11,12,14), ( 3, 6, 4, 5)( 7, 8)( 9,11,16,13)(10,12,15,14), (), 
[ , false, false, true, true ]
time = 12.465987999999999s
RC = 4

ASL(2, 4):2 I = 4
[ 1, 2, 3 ], [ 1, 2, 5 ] ( 1, 9, 8,16)( 3, 5,11,12)( 4,14,13, 6)(10,15), ( 2,15,13, 9)( 3, 5,10,16)( 4,11, 6, 8)( 7,14), (), 
[ 1, 2, 9, 10 ], [ 1, 2, 9, 12 ] ( 1, 3)( 5,14)( 6,15)( 7,16)( 8,13)(10,12), ( 2, 4)( 5,15)( 6,14)( 7,13)( 8,16)(10,12), ( 5, 8)( 6, 7)( 9,11)(10,12)(13,14)(15,16), (), 
[ , false, false, true, true ]
time = 13.081738s
RC = 4 

AGL(2, 4) I = 3
[ 1, 2, 3 ], [ 1, 2, 13 ] ( 1, 6,10, 7, 5,14,15, 4, 9, 3,13,11,12,16, 8), ( 2, 8, 4,12,11,14,15, 6,16, 3,13,10, 7, 5, 9), (), 
[ 1, 2, 3, 4 ], [ 1, 2, 3, 6 ] ( 1, 7)( 4, 6)( 9,14)(10,11)(12,15)(13,16), ( 2, 8, 5)( 4, 6, 7)(10,16,13)(12,14,15), ( 3, 5, 8)( 4, 6, 7)( 9,12,15)(10,11,16), (), 
[ , false, false, true ]
time = 0.205348s
RC = 4

ASL(2, 4)  I = 3
[ 1, 2, 3 ], [ 1, 2, 5 ] ( 1,16,15)( 3, 5, 8)( 4,11, 9)( 6,10,14)( 7,13,12), ( 2, 4, 8, 9,14)( 3, 5,16, 6,13)( 7,12,11,10,15), (), 
[ , false, true, true ]
time = 0.19753399999999999s
RC = 3

2^4.S(6)  I = 5
[ 1, 2, 3 ], [ 1, 2, 9 ] ( 1,12,15,10,14)( 3, 9, 8,16, 4)( 5, 7, 6,13,11), ( 2, 4,12,13, 6)( 3, 9, 8,10, 5)( 7,11,16,15,14), (), 
[ 1, 2, 9, 10 ], [ 1, 2, 9, 11 ] ( 1, 4,16, 6)( 3,14,12, 5)( 7,13,10,11)( 8,15), ( 2, 3,16, 5)( 4,14,12, 6)( 7,15)( 8,13,10,11), ( 3, 7, 5)( 4, 8, 6)( 9,12,13,10,11,14)(15,16), (), 
timeout - forced

2^4.A(6)  I = 4
[ 1, 2, 3 ], [ 1, 2, 7 ] ( 1,13,16, 9,11)( 3, 7, 4,12,14)( 5,10, 8,15, 6), ( 2, 6,14)( 3, 7,15)( 5, 9,13)( 8,12,16), (), 
[ 1, 2, 3, 4 ], [ 1, 2, 3, 5 ] ( 1, 8,13, 9)( 4, 5,16,12)( 6,10, 7,11)(14,15), ( 2, 7)( 4, 5)( 9,14)(10,12)(11,16)(13,15), ( 3, 6,13,11)( 4, 5,14,12)( 7, 9, 8,10)(15,16), (), 
[ 1, 2, 3, 5, 9 ], [ 1, 2, 3, 5, 16 ] ( 1,12,13)( 4, 9,16)( 6,15,10)( 7,14,11), ( 2,13,12)( 4,15,10)( 6, 9,16)( 8,11,14), ( 3,13,12)( 4,14,11)( 7, 9,16)( 8,10,15), ( 5,12,13)( 6,11,14)( 7,10,15)( 8, 9,16), (), 
[ , false, false, false, true ]
time = 12.607030999999999s
RC = 5

2^4:S(5) I = 5
[ 1, 4, 6, 7 ], [ 1, 4, 6, 10 ] ( 1,16)( 2, 8)( 3,12)( 5,14)( 7,10)( 9,15), ( 2, 5)( 3, 9)( 4,13)( 7,10)( 8,14)(12,15), ( 2, 3)( 5, 9,16)( 6,11,15, 7,10,14)( 8,12,13), (), 
timeout - forced

2^4:A(5) I = 4
[ 1, 2, 7, 11 ], [ 1, 2, 7, 13 ] ( 1, 6, 4)( 3, 5, 8)( 9,14,12)(11,13,16), ( 2,16)( 3, 5)( 4,12)( 6,14)( 8,10)(11,13), ( 3, 5,16)( 4, 6,15)( 7,12,14)( 8,11,13), (), 
[ 1, 2, 3, 6, 11 ], [ 1, 2, 3, 6, 14 ] ( 1, 4)( 5, 8)( 9,13)(10,15)(11,14)(12,16), ( 2, 5)( 4, 7)( 9,16)(10,12)(11,14)(13,15), ( 3,16, 9)( 4,15,10)( 7,12,13)( 8,11,14), ( 5, 9,16)( 6,10,15)( 7,11,14)( 8,12,13), (), 
[ , true, false, false, true ]
time = 12.835842s
RC = 5

2^4.A(7) I = 4
[ 1, 2, 3, 4 ], [ 1, 2, 3, 5 ] ( 1, 8,15,16,10, 7, 9)( 4, 5,14,13,11, 6,12), ( 2, 7, 6)( 4, 5, 8)( 9,13,12)(10,11,15), ( 3, 6,13,15,12, 8,10)( 4, 5,14,16,11, 7, 9), (), 
[ 1, 2, 3, 5, 9 ], [ 1, 2, 3, 5, 10 ] ( 1, 9,10)( 4,12,11)( 6,14,13)( 7,15,16), ( 2,15,16)( 4,13,14)( 6,11,12)( 8, 9,10), ( 3, 8)( 4, 7)( 9,10)(11,15)(12,16)(13,14), ( 5, 8)( 6, 7)( 9,10)(11,12)(13,15)(14,16), (), 
[ , true, false, false, true ]
time = 13.379206999999999s
RC = 5

A(16)
RC = 15

S(16)
RC = 2