C(19)
RC = 2

D(2*19) I = 2
[ , true, true ]
time = 0.12164800000000001s
RC = 2

19:3 I = 2
[ 1, 2, 5 ], [ 1, 2, 17 ] ( 1, 7,10)( 3, 5,17)( 4,15,13)( 6,14, 9)( 8,18,19)(11,16,12), ( 2,14, 8)( 3,15, 9)( 4,16,10)( 5,17,11)( 6,18,12)( 7,19,13), (), 
[ , false, true ]
time = 0.038059000000000003s
RC = 3

19:6 I = 2
[ 1, 2, 4 ], [ 1, 2, 13 ] ( 1,10, 7)( 3,17, 5)( 4,13,15)( 6, 9,14)( 8,19,18)(11,12,16), ( 2,11)( 3,12)( 4,13)( 5,14)( 6,15)( 7,16)( 8,17)( 9,18)(10,19), (), 
[ , false, true ]
time = 0.045845999999999998s
RC = 3

19:9 I = 2
[ 1, 2, 3 ], [ 1, 2, 5 ] ( 1, 7,10)( 3, 5,17)( 4,15,13)( 6,14, 9)( 8,18,19)(11,16,12), ( 2, 4, 6, 8,10,12,14,16,18)( 3, 5, 7, 9,11,13,15,17,19), (), 
[ , false, true ]
time = 0.094508999999999996s
RC = 3

AGL(1, 19) I = 2
[ 1, 2, 3 ], [ 1, 2, 4 ] ( 1,12,14,17,13,18, 7,11, 9, 3, 4,19,10,16, 6, 5,15, 8), ( 2, 3, 4, 5, 6, 7, 8, 9,10,11,12,13,14,15,16,17,18,19), (), 
[ , false, true ]
time = 0.041796s
RC = 3

A(19)
RC = 18

S(19)
RC = 2

