PGL(2, 7) I = 3
[ 1, 2, 4 ], [ 1, 2, 5 ] ( 1, 3)( 4, 5)( 7,12)( 9,17)(10,16)(11,18)(13,14)(20,21), ( 2, 6)( 4, 5)( 7,11)( 9,10)(12,18)(13,21)(14,20)(16,17), (), 
[ , false, true, true ]
time = 1.6848619999999999s
RC = 3

A(7) I = 5
[ 1, 2, 3 ], [ 1, 2, 7 ] ( 1,13, 5,12)( 3, 7, 4,14)( 6,15)( 8, 9,19,17)(10,16)(11,20,21,18), ( 2,11, 4, 8)( 3, 7, 6, 9)( 5,10)(12,15,20,16)(13,18)(14,21,19,17), (), 
[ 1, 2, 16, 17 ], [ 1, 2, 16, 18 ] ( 1, 7)( 3,12)( 4,13)( 5,15)( 6,14)(10,11)(17,18)(19,20), ( 2, 7)( 3, 8)( 4, 9)( 5,11)( 6,10)(14,15)(17,18)(19,20), ( 4, 5, 6)( 9,10,11)(13,14,15)(16,17,18)(19,21,20), (), 

 Timeout. Runtime = 374.26165400000002s
RC = fail

S(7) I = 6
[ 1, 2, 3 ], [ 1, 2, 7 ] ( 1,15, 3, 7, 6,12)( 4,13)( 5,14)( 8,11,18)( 9,20,16)(10,21,17), ( 2,11, 4, 8)( 3, 7, 6, 9)( 5,10)(12,15,20,16)(13,18)(14,21,19,17), (), 

 Timeout. Runtime = 376.59856600000001s
RC = fail

PSL(3, 4)=M(21) I = 4
[ 1, 2, 3 ], [ 1, 2, 6 ] ( 1, 4,15)( 3, 6,19)( 7, 9,20)( 8,14,12)(10,17,21)(13,18,16), ( 2, 4,20)( 3, 6,13)( 5,19,18)( 7, 8,15)( 9,17,12)(10,14,11), (), 
[ 1, 2, 3, 4 ], [ 1, 2, 3, 5 ] ( 1, 6,12)( 4, 5,16)( 7,11, 8)( 9,13,17)(14,15,21)(18,19,20), ( 2,15)( 4, 5)( 6, 8)( 7,12)( 9,18)(10,16)(13,19)(14,21), ( 3,14,21)( 4, 5,11)( 6,10,12)( 7,16, 8)( 9,18,17)(13,19,20), (), 

 Timeout. Runtime = 371.25747999999999s
RC = fail

PSigmaL(3, 4) I = 5
[ 1, 2, 3 ], [ 1, 2, 6 ] ( 1, 4, 9,13,14)( 3, 6,17, 7,16)( 5,18,15,10, 8)(11,21,12,19,20), ( 2,15, 5, 4,11)( 3, 6,16,21,13)( 7,18,14,17,10)( 8,19, 9,20,12), (), 
[ 1, 2, 3, 4 ], [ 1, 2, 3, 5 ] ( 1,11)( 4, 5)( 6,18)( 7,19)( 8, 9)(10,16)(12,13)(17,20), ( 2,15)( 4, 5)( 6, 8)( 7,12)( 9,18)(10,16)(13,19)(14,21), ( 3,16)( 4, 5)( 7,17)( 8,20)( 9,19)(11,15)(13,21)(14,18), (), 

 Timeout. Runtime = 368.995475s
RC = fail

PGL(3, 4) I = 5
[ 1, 2, 3 ], [ 1, 2, 6 ] ( 1,16, 8, 7,15)( 3, 6,11,19, 5)( 4, 9,21,10,18)(12,13,17,20,14), ( 2,15,13,19,20)( 3, 6, 7,14, 5)( 4,18,11,10, 8)( 9,21,17,12,16), (), 
[ 1, 2, 6, 10 ], [ 1, 2, 6, 12 ] ( 1,10,12)( 3,14)( 4, 5,11,17, 7,13)( 8,20,18,19, 9,16)(15,21), ( 2,10,12)( 4, 7,21)( 5,13,15)( 8,18, 9)(14,16,19), ( 3,19,14,17,21, 4)( 5,13,20,18, 9,11)( 6,10,12)( 7,16)( 8,15), (), 

 Timeout. Runtime = 371.02284600000002s
RC = fail

PGammaL(3, 4) I = 6
[ 1, 2, 3 ], [ 1, 2, 6 ] ( 1, 7,16,15)( 3, 6, 9,18)( 4,17)( 5,13,14,10)(11,21,12,20), ( 2, 4,20,10,14,11)( 3, 6, 9)( 5,16,19,15,21, 7)( 8,18)(12,13,17), (), 

 Timeout. Runtime = 377.46142300000002s
RC = fail

A(21)
RC = 20

S(21)
RC = 2

