M(22) I = 5
[ 1, 2, 3, 4 ], [ 1, 2, 3, 5 ] ( 1,19,10)( 4, 5, 9)( 6,13, 7)(11,17,18)(12,20,16)(15,21,22), ( 2,12,13)( 4, 5,21)( 6,18,15)( 7, 9,16)( 8,19,10)(17,20,22), ( 3,17,11,20,22)( 4, 5,21,13,12)( 6,18,16, 8,19)( 7,14, 9,15,10), (), 

 Timeout. Runtime = 701.78776800000003s
RC = fail

M(22):2 I = 6
[ 1, 2, 3, 4 ], [ 1, 2, 3, 5 ] ( 1, 6,12)( 4, 5,16)( 7,11, 8)( 9,13,17)(14,15,21)(18,19,20), ( 2, 9,19)( 4, 5,10)( 6,13,21)( 7,15, 8)(11,17,20)(12,14,18), ( 3,17,20)( 4, 5,15)( 6,12,10)( 7,14,19)( 8, 9,21)(13,18,16), (), 
timeout - forced

A(22)
RC = 21

S(22)
RC = 2