M(24) I = 7
timeout - forced

PSL(2, 23) I = 3
[ 1, 2, 3 ], [ 1, 2, 6 ] ( 1,24,10, 4,15,16,11,23,18,19, 7)( 3, 6,13,17,21, 5, 8,22,14,20,12), ( 2,21,16,11, 7,12,19, 4, 5,13,20)( 3, 6,10, 9,18,15,24,17,14,23,22), (), 
[ 1, 2, 3, 4 ], [ 1, 2, 3, 5 ] ( 1, 6,24,22, 4, 5,11,15,13,17,23)( 7,10,19,14, 9,18,21,12,20, 8,16), ( 2,11,14,10,12, 6,21,15,17,13,16)( 4, 5, 9, 8,19,18,22,23, 7,24,20), ( 3,23,14,21,22,10,24,16, 4, 5,12)( 6,11,13,15,20,18, 7,17, 9,19, 8), (), 
[ , false, false, true ]
time = 3.2016719999999999s
RC = 4

PGL(2, 23) I = 3
[ 1, 2, 3, 4 ], [ 1, 2, 3, 5 ] ( 1, 6,24,22, 4, 5,11,15,13,17,23)( 7,10,19,14, 9,18,21,12,20, 8,16), ( 2,11,14,10,12, 6,21,15,17,13,16)( 4, 5, 9, 8,19,18,22,23, 7,24,20), ( 3,23,14,21,22,10,24,16, 4, 5,12)( 6,11,13,15,20,18, 7,17, 9,19, 8), (), 
[ , true, false, true ]
time = 3.3059919999999998s
RC = 4

A(24)
RC = 23

S(24)
RC = 2