PSL(2, 25) I = 3
[ 1, 2, 3 ], [ 1, 2, 6 ] ( 1, 3, 6,18,19, 9)( 4,22,16,21, 5,10)( 7, 8,20,23,25,17)(11,14,13,12,15,26), ( 2,20,16,22,25)( 3, 6,19, 9,18)( 4,14,23,13,21)( 5, 7,10,11,12)( 8,24,17,26,15), (), 
[ 1, 2, 3, 4 ], [ 1, 2, 3, 5 ] ( 1,26, 4, 5)( 6,11,10,22)( 7,14,13, 9)( 8,25,19,24)(12,18,20,15)(16,23,21,17), ( 2,26)( 4, 5)( 6,18)( 7,21)( 8,22)( 9,19)(10,13)(11,23)(12,14)(15,25)(16,24)(17,20), ( 3, 4, 5,26)( 6,13,12, 8)( 7,24,18,23)( 9,21,10,15)(11,17,19,14)(16,20,22,25), (), 
[ , false, false, true ]
time = 6.2644140000000004s
RC = 4

PGL(2, 25) I = 3
[ 1, 2, 3, 4 ], [ 1, 2, 3, 5 ] ( 1,26, 4, 5)( 6,11,10,22)( 7,14,13, 9)( 8,25,19,24)(12,18,20,15)(16,23,21,17), ( 2,26)( 4, 5)( 6,18)( 7,21)( 8,22)( 9,19)(10,13)(11,23)(12,14)(15,25)(16,24)(17,20), ( 3, 4, 5,26)( 6,13,12, 8)( 7,24,18,23)( 9,21,10,15)(11,17,19,14)(16,20,22,25), (), 
[ , true, false, true ]
time = 6.3372580000000003s
RC = 4

PSigmaL(2, 25) I = 4
[ 1, 2, 3 ], [ 1, 2, 6 ] ( 1,14, 5,18,12,13, 7,25,11,24,10,20)( 3, 6, 9,21,26, 4,16,19,22,17,15, 8), ( 2,11,10,22, 3, 6)( 4,16,15,24,20,23)( 5,26,21, 9,13,17)( 7,18, 8,19,12,14), (), 
[ 1, 2, 3, 4 ], [ 1, 2, 3, 5 ] ( 1,26, 4, 5)( 6,11,10,22)( 7,14,13, 9)( 8,25,19,24)(12,18,20,15)(16,23,21,17), ( 2,26)( 4, 5)( 6,18)( 7,21)( 8,22)( 9,19)(10,13)(11,23)(12,14)(15,25)(16,24)(17,20), ( 3, 4, 5,26)( 6,13,12, 8)( 7,24,18,23)( 9,21,10,15)(11,17,19,14)(16,20,22,25), (), 
timeout - forced

PSL(2, 25).2_3 I = 3
[ 1, 2, 3, 4 ], [ 1, 2, 3, 5 ] ( 1,26, 4, 5)( 6,11,10,22)( 7,14,13, 9)( 8,25,19,24)(12,18,20,15)(16,23,21,17), ( 2,26)( 4, 5)( 6,18)( 7,21)( 8,22)( 9,19)(10,13)(11,23)(12,14)(15,25)(16,24)(17,20), ( 3, 4, 5,26)( 6,13,12, 8)( 7,24,18,23)( 9,21,10,15)(11,17,19,14)(16,20,22,25), (), 
[ , true, false, true ]
time = 6.2245049999999997s
RC = 4

PGammaL(2, 25) I = 4
[ 1, 2, 3, 4 ], [ 1, 2, 3, 5 ] ( 1,26, 4, 5)( 6,19,10, 8)( 7,17,13,23)( 9,21,14,16)(11,24,22,25)(12,15,20,18), ( 2,26)( 4, 5)( 6,18)( 7,21)( 8,22)( 9,19)(10,13)(11,23)(12,14)(15,25)(16,24)(17,20), ( 3, 4, 5,26)( 6,16,12,22)( 7,10,18, 9)( 8,25,13,20)(11,14,19,17)(15,23,21,24), (), 
timeout - forced

A(26)
RC = 25

S(26)
RC = 2