3^3.A(4) I = 3
[ 1, 2, 16 ], [ 1, 2, 22 ] ( 1,20, 8)( 3,11, 5)( 4,21,17)( 6,12,14)( 7,19,26)( 9,10,23)(13,24,18)(16,22,27), ( 2,27)( 3,14)( 4,10)( 5, 9)( 6,23)( 7,19)( 8,18)(11,21)(12,17)(15,26)(16,22)(20,24), (), 
[ 1, 2, 5, 14 ], [ 1, 2, 5, 19 ] ( 1,20,15)( 3,11,25)( 4,23,18)( 6,14,19)( 7,26,12)( 9,17,22)(10,16,13)(21,24,27), ( 2, 4)( 3, 7)( 6, 8)(10,27)(11,21)(12,24)(13,25)(14,19)(15,22)(16,26)(17,20)(18,23), ( 4,27,10)( 5,25,11)( 6,26,12)( 7,14,19)( 8,15,20)( 9,13,21)(16,17,18)(22,24,23), (), 
[ , false, false, true ]
time = 8.8366699999999998s
RC = 4

3^3:13 I = 2
[ 1, 2, 3 ], [ 1, 2, 5 ] ( 1, 8,20,25,13,21,19,22, 4,17, 6,14,24)( 3, 5,11,15,27,10,12,18, 9,23, 7,26,16), ( 2, 9,17,26, 4,25, 8,12,10,18,22,11,14)( 3, 5,24,15, 7,13, 6,20,19,23,16,21,27), (), 
[ , false, true ]
time = 0.064344999999999999s
RC = 3

3^3(A(4) x 2) I = 3
[ 1, 2, 16 ], [ 1, 2, 22 ] ( 1,20, 8)( 3,11, 5)( 4,21,17)( 6,12,14)( 7,19,26)( 9,10,23)(13,24,18)(16,22,27), ( 2,27)( 3,14)( 4,10)( 5, 9)( 6,23)( 7,19)( 8,18)(11,21)(12,17)(15,26)(16,22)(20,24), (), 
[ 1, 2, 4, 14 ], [ 1, 2, 4, 19 ] ( 1, 5)( 3, 8)( 6, 7)(10,23)(11,20)(12,26)(13,22)(14,19)(15,25)(16,24)(17,21)(18,27), ( 2,27,10)( 3,14,19)( 5,21,13)( 6,17,22)( 8,24,16)( 9,11,25)(12,15,18)(20,26,23), ( 4,27,10)( 5,25,11)( 6,26,12)( 7,14,19)( 8,15,20)( 9,13,21)(16,17,18)(22,24,23), (), 
[ , false, false, true ]
time = 8.3246979999999997s
RC = 4

3^3.2.A(4) I = 4
[ 1, 2, 4 ], [ 1, 2, 10 ] ( 1,11, 5)( 3,20, 8)( 4,10,14)( 6,19,17)( 7,12,23)( 9,21,26)(15,22,16)(18,24,25), ( 2, 4,10)( 3, 7,19)( 5,13,11)( 6,16,20)( 8,22,12)( 9,25,21)(15,17,23)(18,26,24), (), 
[ 1, 2, 15, 18 ], [ 1, 2, 15, 24 ] ( 1, 8,20)( 3, 5,11)( 4,17,21)( 6,14,12)( 7,26,19)( 9,23,10)(13,18,24)(16,27,22), ( 2, 7,19)( 3, 4,10)( 5,16,21)( 6,13,12)( 8,25,20)( 9,22,11)(14,18,24)(17,27,23), ( 4, 7)( 5, 8)( 6, 9)(10,19)(11,20)(12,21)(13,25)(14,26)(15,27)(16,22)(17,23)(18,24), (), 
timeout - forced

3^3.S(4) I = 4
[ 1, 6, 8 ], [ 1, 6, 12 ] ( 1,27,25,19)( 2,21, 7,18)( 3,24,16, 5)( 4, 9,15,20)( 8,12,11,17)(10,14,26,22)(13,23), ( 2,10, 4)( 3,19, 7)( 5,11,13)( 6,20,16)( 8,12,22)( 9,21,25)(15,23,17)(18,24,26), (), 
timeout - forced

AGL(1, 27) I = 2
[ 1, 2, 3 ], [ 1, 2, 4 ] ( 1, 9,25,26,19, 5,17,27,24,18,20, 7,21, 3, 4,15,14,12, 8,23,13,16,22,11, 6,10), ( 2, 7,10,27,26,20,11,24, 8,16, 9,13,18, 3, 4,19,14,15,12,21,17, 6,22, 5,25,23), (), 
[ , false, true ]
time = 0.113354s
RC = 3

3^3.13.3 I = 3
[ 1, 2, 3 ], [ 1, 2, 5 ] ( 1, 8,20,25,13,21,19,22, 4,17, 6,14,24)( 3, 5,11,15,27,10,12,18, 9,23, 7,26,16), ( 2, 9, 4)( 3, 5, 7)(10,14,11)(12,18,17)(13,15,16)(19,27,21)(20,23,24)(22,25,26), (), 
[ , false, true, true ]
time = 9.1357750000000006s
RC = 3

3^3(S(4) x 2) I = 4
[ 1, 5, 9 ], [ 1, 5, 11 ] ( 1,26,15)( 2,23, 6)( 3,20,24)( 4, 8,14)( 7,17,13)( 9,11,22)(10,25,18)(12,19,27), ( 2, 3)( 4,19)( 5,21)( 6,20)( 7,10)( 8,12)( 9,11)(13,25)(14,27)(15,26)(17,18)(23,24), (), 
timeout - forced

AGammaL(1, 27) I = 3
[ 1, 2, 3 ], [ 1, 2, 4 ] ( 1, 9,20, 3, 4,11)( 5,13,10, 8,27,21)( 6,18,19, 7,22,12)(14,15,17,26,25,23)(16,24), ( 2, 7, 9, 3, 4, 5)( 6, 8)(10,21,14,19,11,27)(12,24,18,20,17,23)(13,22,15,25,16,26), (), 
[ , false, true, true ]
time = 8.2502089999999999s
RC = 3

ASL(3, 3) I = 4
[ 1, 2, 3 ], [ 1, 2, 4 ] ( 1, 9,17,14,27,18,16,12, 6,21, 5,25,11)( 3, 4,23,26,13,22,24,19, 7,10, 8,15,20), ( 2, 7, 3, 4)( 5, 8, 9, 6)(10,11,17,16)(12,14,18,13)(19,21,24,22)(20,27,23,25), (), 
[ 1, 2, 4, 5 ], [ 1, 2, 4, 6 ] ( 1, 3)( 5, 6)( 7, 8)(10,23)(11,22)(12,24)(13,27)(14,26)(15,25)(16,19)(17,21)(18,20), ( 2, 3)( 5, 6)( 8, 9)(10,22)(11,24)(12,23)(13,25)(14,27)(15,26)(16,19)(17,21)(18,20), ( 4, 5, 6)( 7, 9, 8)(13,14,15)(16,18,17)(22,23,24)(25,27,26), (), 
timeout - forced

AGL(3, 3) I = 4
[ 1, 2, 3 ], [ 1, 2, 4 ] ( 1, 9,11,12,14, 5,22,10,16,23,15, 7,13, 3, 4,20,19,26, 8,18,21,24,17,25, 6,27), ( 2, 7,13,20, 6,19, 9,16,17,14,26,18,11)( 3, 4,25,12, 8,10, 5,22,24,27,15,23,21), (), 
[ 1, 2, 4, 5 ], [ 1, 2, 4, 6 ] ( 1, 3)( 5, 6)( 7, 8)(10,19,11,21,12,20)(13,23,14,22,15,24)(16,27,17,26,18,25), ( 2, 3)( 5, 6)( 8, 9)(10,27,12,25,11,26)(13,21,15,19,14,20)(16,24,18,22,17,23), ( 4, 5, 6)( 7, 9, 8)(13,14,15)(16,18,17)(22,23,24)(25,27,26), (), 
timeout - forced

PSp(4, 3) I = 5
timeout - forced

PSp(4, 3):2 I = 6
