PGL(2, 7) I = 3
[ 1, 2, 3 ], [ 1, 2, 4 ] ( 1, 5, 6, 7, 3, 4)( 8,16,17,18,14,15)( 9,23,12,27,21,25)(10,11,26,28,22,19)(13,20,24), ( 2, 7, 6)( 3, 4, 5)( 8,13,12)( 9,10,11)(14,25,26)(15,27,21)(16,22,24)(17,18,28)(19,23,20), (), 
[ , false, true, true ]
time = 21.337237999999999s
RC = 3

PSL(2, 8) I = 3
[ 1, 2, 4 ], [ 1, 2, 26 ] ( 1,16)( 3,14)( 4,26)( 5,27)( 6,21)( 7,11)( 8,19)( 9,20)(10,28)(12,23)(15,22)(18,25), ( 2,13)( 3,25)( 4,26)( 5,20)( 6,10)( 7,15)( 8,19)( 9,27)(11,22)(14,18)(17,24)(21,28), (), 
[ , false, true, true ]
time = 15.68595s
RC = 3

PGammaL(2, 8) I = 3
[ 1, 2, 3 ], [ 1, 2, 4 ] ( 1, 7, 5)( 3, 4, 6)( 8,28,18)( 9,23,15)(10,25,19)(11,27,16)(12,22,20)(13,24,17)(14,26,21), ( 2,25,16, 8, 6,18,15,11,14)( 3, 4,27,22,28,12,10,20, 9)( 5,19,24,21,13,17,26, 7,23), (), 
[ , false, true, true ]
time = 11.554888s
RC = 3

PSU(3, 3) I = 4
[ 1, 2, 3 ], [ 1, 2, 5 ] ( 1,18,12,26, 4,16,24, 7, 3, 5,15,23)( 6, 8,17,10,28,13,22,14,21,19,11,25)( 9,27,20), ( 2,26,23, 7)( 3, 5,20,14)( 4,24,11,19)( 6,27,18,12)( 8, 9,22,16)(13,17,21,25), (), 
timeout-forced

PSp(6, 2) I = 7
[ 1, 2, 3 ], [ 1, 2, 4 ] ( 1,23,14,10,21)( 3, 4,20,11,17,27,15,28,19, 6)( 5,16,12,25, 7)( 8,18)( 9,22,13,26,24), ( 2, 5,10, 8, 6)( 3, 4,11, 9, 7)(12,16,17,18,24)(13,19,27,22,20)(14,25,15,26,21), (), 
timeout-forced

A(8) I = 5
[ 1, 2, 3 ], [ 1, 2, 8 ] ( 1,18, 6,15, 5,14)( 3, 8, 7,17, 4,16)( 9,13,28,24,23,20)(10,27,21)(11,22,12,25,26,19), ( 2, 9)( 3, 8)( 4,10)( 5,12, 7,11, 6,13)(15,19)(16,21,18,20,17,22)(23,24,25)(26,28,27), (), 
timeout-forced

S(8) I = 6
[ 1, 2, 3 ], [ 1, 2, 8 ] ( 1,15, 7,16, 6,14)( 3, 8, 4,18, 5,17)( 9,10,25,27,26,21)(11,24,22)(12,19,13,23,28,20), ( 2,11, 4,13, 6, 9)( 3, 8, 5,10, 7,12)(14,16,23,25,28,21)(15,27,24,22,17,20)(18,26,19), (), 
timeout-forced

PSL(2, 27) I = 3
[ 1, 2, 3 ], [ 1, 2, 4 ] ( 1, 9,25,14,24, 6,10,13,19,20,22, 8,23)( 3, 4,15,26,16, 7,21,27,12,11,18, 5,17), ( 2,24, 7)( 3, 4,17)( 5,21, 6)( 8,11, 9)(10,26,14)(12,20,28)(13,22,18)(15,19,27)(16,25,23), (), 
[ 1, 2, 3, 4 ], [ 1, 2, 3, 8 ] ( 1,21, 6, 7,26,10,25,13,19,15, 4, 8,11)( 5,16,27,20,18,17,24,23,12,14,22, 9,28), ( 2,19, 4, 8,27,11,26,14,20,13, 5, 9,12)( 6,17,25,21,16,18,22,24,10,15,23, 7,28), ( 3, 7,14,15,12, 9,20,10, 6,21,27,25, 5)( 4, 8,13,22,16,19,18,28,24,11,23,17,26), (), 
[ , false, false, true ]
time = 10.871655000000001s
RC = 4

PGL(2, 27) I = 3
[ 1, 2, 3, 4 ], [ 1, 2, 3, 5 ] ( 1,20,19, 9, 7,24, 8,16,25,14,21,18,15,28,26,23,11,27,13,22, 6,17, 4, 5,10,12), ( 2,20, 8, 9,26,19,13,27,12,14, 4, 5,11)( 6,10,21, 7,22,17,15,16,28,24,25,23,18), ( 3, 4, 5,26,25,17,27,23,21,11, 6,24,10,28,20,18, 9,19,12,16,15,22,14,13, 7, 8), (), 
[ , true, false, true ]
time = 11.147468s
RC = 4

PSL(2, 27):3 I = 4
[ 1, 2, 3 ], [ 1, 2, 4 ] ( 1, 9,25,14,24, 6,10,13,19,20,22, 8,23)( 3, 4,15,26,16, 7,21,27,12,11,18, 5,17), ( 2,10,23,25,19,28,18,12,14,27, 8,21,16)( 3, 4,22, 5,15, 6, 7,13,11,20,17,26,24), (), 
[ 1, 2, 3, 4 ], [ 1, 2, 3, 8 ] ( 1,21, 6, 7,26,10,25,13,19,15, 4, 8,11)( 5,16,27,20,18,17,24,23,12,14,22, 9,28), ( 2,19, 4, 8,27,11,26,14,20,13, 5, 9,12)( 6,17,25,21,16,18,22,24,10,15,23, 7,28), ( 3, 7,14,15,12, 9,20,10, 6,21,27,25, 5)( 4, 8,13,22,16,19,18,28,24,11,23,17,26), (), 
timeout-forced

PGammaL(2, 27) I = 4
[ 1, 2, 3, 4 ], [ 1, 2, 3, 5 ] ( 1,16,13,28, 6,24)( 4, 5, 8,14,21,22)( 7,27)( 9,25,20,11,17,26)(10,23,15,18,19,12), ( 2,20, 8, 9,26,19,13,27,12,14, 4, 5,11)( 6,10,21, 7,22,17,15,16,28,24,25,23,18), ( 3, 8,14,28,10,11)( 4, 5,17,20,18,12)( 6,26,21,13, 9,22)( 7,16,25,24,27,19)(15,23), (), 
timeout-forced

A(28)
RC = 27

S(28)
RC = 2

