C(29)
RC = 2

D(2*29) I = 2
[ , true, true ]
time = 0.80530199999999996s
RC = 2

29:4 I = 2
[ 1, 2, 9 ], [ 1, 2, 23 ] ( 1,13, 3,20)( 4, 5,17,22)( 6,14,29,10)( 7,18,16, 8)( 9,23,11,15)(12,25,28,19)(21,27,24,26), ( 2,16)( 3,17)( 4,18)( 5,19)( 6,20)( 7,21)( 8,22)( 9,23)(10,24)(11,25)(12,26)(13,27)(14,28)(15,29), (), 
[ , false, true ]
time = 0.086226999999999998s
RC = 3

29:7 I = 2
[ 1, 2, 3 ], [ 1, 2, 19 ] ( 1,25,14,24,22, 8,15)( 3,19,10,21, 5,18,23)( 4, 7, 9,13,28,29,26)( 6,27,17,16,11,20,12), ( 2,18, 6,22,10,26,14)( 3,19, 7,23,11,27,15)( 4,20, 8,24,12,28,16)( 5,21, 9,25,13,29,17), (), 
[ , false, true ]
time = 0.075905s
RC = 3

29:14 I = 2
[ 1, 2, 3 ], [ 1, 2, 5 ] ( 1,22,25, 8,14,15,24)( 3, 5,19,18,10,23,21)( 4,28, 7,29, 9,26,13)( 6,11,27,20,17,12,16), ( 2, 4, 6, 8,10,12,14,16,18,20,22,24,26,28)( 3, 5, 7, 9,11,13,15,17,19,21,23,25,27,29), (), 
[ , false, true ]
time = 0.094135999999999997s
RC = 3

AGL(1, 29) I = 2
[ 1, 2, 3 ], [ 1, 2, 4 ] ( 1,17,19, 7,14,11,21,13,22,12,18,29,15,27, 3, 4,25,16,10, 9,24,20, 5,28, 8, 6,23,26), ( 2, 3, 4, 5, 6, 7, 8, 9,10,11,12,13,14,15,16,17,18,19,20,21,22,23,24,25,26,27,28,29), (), 
[ , false, true ]
time = 0.074654999999999999s
RC = 3

A(29)
RC = 28

S(29)
RC = 2

