PSL(2,29) I = 3
[ 1, 2, 3 ], [ 1, 2, 4 ] ( 1,28,25,14, 8, 7,26)( 3, 4,12,27,29,19,17)( 5,10, 6,16,11,23,30)( 9,18,22,15,21,13,24), ( 2, 9,28,27,21,10, 7)( 3, 4,18,16, 6, 8,23)( 5,12,24,19,29,25,30)(11,22,14,20,13,17,26), (), 
[ 1, 2, 3, 4 ], [ 1, 2, 3, 6 ] ( 1,14,19,12,11,15,18,30, 8,23, 9,28,25,10)( 4, 6,29,17,24,13, 5,27, 7,16,26,22,20,21), ( 2,23,26, 9,15,16,25)( 4, 6,20,19,11,24,22)( 5,29, 8,30,10,27,14)( 7,12,28,21,18,13,17), ( 3, 5, 7, 9,11,13,15,17,19,21,23,25,27,29)( 4, 6, 8,10,12,14,16,18,20,22,24,26,28,30), (), 
[ , false, false, true ]
time = 19.480609000000001s
RC = 4

PGL(2,29) I = 3
[ 1, 2, 3, 4 ], [ 1, 2, 3, 5 ] ( 1,18,25,11, 9,19, 8)( 4, 5,20,24,26,29, 7)( 6,27,21,13,22,17,16)(10,15,28,12,23,14,30), ( 2,18,20, 8,15,12,22,14,23,13,19,30,16,28, 4, 5,26,17,11,10,25,21, 6,29, 9, 7,24,27), ( 3, 4, 5, 6, 7, 8, 9,10,11,12,13,14,15,16,17,18,19,20,21,22,23,24,25,26,27,28,29,30), (), 
[ , true, false, true ]
time = 19.721778s
RC = 4

A(30)
RC = 29

S(30)
RC = 2

