3^2:4 I = 2
[ 1, 2, 4 ], [ 1, 2, 7 ] (1,8,3,5)(4,7,9,6), (2,3)(4,7)(5,9)(6,8), (), 
[ , false, true ]
time = 0.029189s
RC = 3

3^2:D(2*4) I = 3
[ , true, true, true ]
time = 0.035444999999999997s
RC = 2

3^2:Q(8)=M(9) I = 2
[ 1, 2, 3 ], [ 1, 2, 4 ] (1,9,3,4)(5,6,8,7), (2,7,3,4)(5,8,9,6), (), 
[ , false, true ]
time = 0.027643000000000001s
RC = 3

3^2:8=AGL(1,9) I = 2
[ 1, 2, 3 ], [ 1, 2, 4 ] (1,9,3,4)(5,6,8,7), (2,7,8,5,3,4,6,9), (), 
[ , false, true ]
time = 0.03124s
RC = 3

AGammaL(1, 9) I = 3
[ 1, 2, 3 ], [ 1, 2, 4 ] (1,9)(3,4)(6,7), (2,7,3,4)(5,8,9,6), (), 
[ , false, true, true ]
time = 0.055314000000000002s
RC = 3

3^2:(2'A(4)) I = 3
[ 1, 2, 3 ], [ 1, 2, 4 ] (1,9,7,3,4,6)(5,8), (2,7,3,4)(5,8,9,6), (), 
[ , false, true, true ]
time = 0.048082s
RC = 3

AGL(2, 3) I = 3
[ 1, 2, 3 ], [ 1, 2, 4 ] (1,9,3,4)(5,6,8,7), (2,7,8,5,3,4,6,9), (), 
[ 1, 2, 4, 5 ], [ 1, 2, 4, 6 ] (1,3)(5,6)(7,8), (2,3)(5,6)(8,9), (4,5,6)(7,9,8), (), 
[ , false, false, true ]
time = 0.063922999999999994s
RC = 4

PSL(2, 8) I = 3
[ 1, 2, 3, 4 ], [ 1, 2, 3, 5 ] (1,6,4,5,9,8,7), (2,9,6,7,4,5,8), (3,7,8,4,5,6,9), (), 
[ , true, false, true ]
time = 0.052932s
RC = 4

PGammaL(2, 8) I = 4
[ 1, 2, 3, 4 ], [ 1, 2, 3, 5 ] (1,6,4,5,9,8,7), (2,9,6,7,4,5,8), (3,7,8,4,5,6,9), (), 
[ , true, false, true, true ]
time = 0.095459000000000002s
RC = 4

A(9)
RC = 8

S(9)
RC = 2

